839.580182 0.000000 -223.547148 0.000000 0.000000 100.000000 0.000000 0.000000 -223.547148 0.000000 147.964407 0.000000 0.000000 0.000000 0.000000 100.000000 287.799660 0.000000 -207.071786 0.000000 0.000000 100.000000 0.000000 0.000000 -207.071786 0.000000 290.351774 0.000000 0.000000 0.000000 0.000000 100.000000 83.347569 0.000000 14.774460 0.000000 0.000000 100.000000 0.000000 0.000000 14.774460 0.000000 243.984053 0.000000 0.000000 0.000000 0.000000 100.000000 197.694266 0.000000 38.049661 0.000000 0.000000 100.000000 0.000000 0.000000 38.049661 0.000000 94.513816 0.000000 0.000000 0.000000 0.000000 100.000000 291.249517 0.000000 -157.414023 0.000000 0.000000 100.000000 0.000000 0.000000 -157.414023 0.000000 200.419268 0.000000 0.000000 0.000000 0.000000 100.000000 158.328628 0.000000 -222.229999 0.000000 0.000000 100.000000 0.000000 0.000000 -222.229999 0.000000 729.020310 0.000000 0.000000 0.000000 0.000000 100.000000 101.808060 0.000000 140.820986 0.000000 0.000000 100.000000 0.000000 0.000000 140.820986 0.000000 1083.135390 0.000000 0.000000 0.000000 0.000000 100.000000 467.470240 0.000000 578.496447 0.000000 0.000000 100.000000 0.000000 0.000000 578.496447 0.000000 950.181522 0.000000 0.000000 0.000000 0.000000 100.000000 971.795501 0.000000 605.969800 0.000000 0.000000 100.000000 0.000000 0.000000 605.969800 0.000000 494.678417 0.000000 0.000000 0.000000 0.000000 100.000000 1198.336633 0.000000 181.308067 0.000000 0.000000 100.000000 0.000000 0.000000 181.308067 0.000000 111.446866 0.000000 0.000000 0.000000 0.000000 100.000000
710.525178 115.592629 -173.385701 -18.667636 115.592629 90.802663 -18.667636 -14.308812 -173.385701 -18.667636 174.100146 57.838227 -18.667636 -14.308812 57.838227 46.533702 297.070416 80.639233 -175.209393 -28.484454 80.639233 64.010757 -28.484454 -21.833438 -175.209393 -28.484454 299.229833 80.990298 -28.484454 -21.833438 80.990298 64.279849 124.236550 52.636960 14.243560 3.367956 52.636960 42.546912 3.367956 2.581550 14.243560 3.367956 279.100781 89.255324 3.367956 2.581550 89.255324 70.615022 237.961704 81.376265 37.829322 9.552844 81.376265 64.575695 9.552844 7.322290 37.829322 9.552844 135.378755 55.471521 9.552844 7.322290 55.471521 44.719613 305.937451 85.672963 -137.667097 -25.083384 85.672963 67.869129 -25.083384 -19.226506 -137.667097 -25.083384 226.501474 71.199475 -25.083384 -19.226506 71.199475 56.775147 183.023538 59.381898 -174.940148 -20.532192 59.381898 47.716931 -20.532192 -15.738001 -174.940148 -20.532192 632.273811 112.109034 -20.532192 -15.738001 112.109034 88.132475 137.957025 53.720398 106.778642 9.886353 53.720398 43.377371 9.886353 7.577926 106.778642 9.886353 882.056345 122.614591 9.886353 7.577926 122.614591 96.185022 409.641769 75.113483 430.273051 34.192773 75.113483 59.775249 34.192773 26.208886 430.273051 34.192773 768.671902 103.644751 34.192773 26.208886 103.644751 81.644570 782.545223 103.233906 449.207057 34.666807 103.233906 81.329657 34.666807 26.572235 449.207057 34.666807 428.857034 75.938609 34.666807 26.572235 75.938609 60.407711 960.051280 123.529878 135.958540 11.563854 123.529878 96.886593 11.563854 8.863736 135.958540 11.563854 145.018898 54.207896 11.563854 8.863736 54.207896 43.751040
791.378902 155.929732 -193.159133 -34.472507 155.929732 69.602531 -34.808509 -14.507399 -193.159133 -34.808509 180.041810 45.449698 -34.472507 -14.507399 45.449698 23.950264 319.497941 76.380586 -215.275529 -46.490888 76.380586 37.313851 -45.387720 -18.905852 -215.275529 -45.387720 361.430970 87.073691 -46.490888 -18.905852 87.073691 40.126746 125.873897 35.909909 19.270963 4.660375 35.909909 19.898424 4.657777 1.860262 19.270963 4.657777 336.430551 86.846653 4.660375 1.860262 86.846653 40.200378 278.380564 73.450105 51.514642 12.709063 73.450105 34.927312 12.691002 5.057135 51.514642 12.691002 141.328630 39.735930 12.709063 5.057135 39.735930 21.412269 349.715911 85.570340 -169.428654 -37.596712 85.570340 40.423296 -37.609896 -15.548575 -169.428654 -37.609896 251.372846 63.720515 -37.596712 -15.548575 63.720515 31.411957 196.754158 49.352053 -203.654460 -38.135597 49.352053 25.328907 -38.759807 -15.843426 -203.654460 -38.759807 695.206222 142.087320 -38.135597 -15.843426 142.087320 64.590425 138.555900 37.768691 110.277747 18.415655 37.768691 20.770113 17.563786 7.783278 110.277747 17.563786 966.972525 177.179106 18.415655 7.783278 177.179106 78.141953 423.728513 81.155624 463.183564 72.411425 81.155624 38.976520 70.802399 29.532921 463.183564 70.802399 840.217955 147.739126 72.411425 29.532921 147.739126 65.074594 836.262838 144.451558 484.765460 74.145299 144.451558 64.373488 74.170935 30.393281 484.765460 74.170935 454.113379 85.957241 74.145299 30.393281 85.957241 40.420829 1042.286381 183.406385 143.250004 22.345307 183.406385 80.508718 22.992707 9.576520 143.250004 22.992707 146.475388 38.959983 22.345307 9.576520 38.959983 21.240000
824.407117 146.920963 -211.533191 -36.048437 146.920963 50.394819 -35.844095 -10.508878 -211.533191 -35.844095 174.895816 37.314839 -36.048437 -10.508878 37.314839 18.256383 309.034963 62.268607 -224.294030 -41.098513 62.268607 25.964561 -40.429758 -11.870765 -224.294030 -40.429758 367.560439 73.178653 -41.098513 -11.870765 73.178653 28.182805 114.022952 26.954742 20.313432 3.882255 26.954742 15.229858 3.914306 1.097396 20.313432 3.914306 324.132081 66.915296 3.882255 1.097396 66.915296 26.622863 262.078257 55.343394 47.787851 9.056189 55.343394 23.418977 9.113478 2.641407 47.787851 9.113478 127.306444 29.447540 9.056189 2.641407 29.447540 15.966655 352.258870 71.262162 -175.185486 -32.326060 71.262162 28.055439 -32.534038 -9.472631 -175.185486 -32.534038 239.864236 50.115006 -32.326060 -9.472631 50.115006 22.067053 191.502634 40.378983 -217.442064 -37.362090 40.378983 19.070747 -37.853054 -10.984191 -217.442064 -37.853054 707.388880 129.076266 -37.362090 -10.984191 129.076266 45.742491 129.322874 29.456673 125.760568 20.723095 29.456673 15.976817 20.805319 6.087312 125.760568 20.805319 1029.307817 176.377407 20.723095 6.087312 176.377407 58.631276 434.224609 76.727081 506.546778 79.886478 76.727081 29.940529 78.676704 22.966038 506.546778 78.676704 908.588766 151.928309 79.886478 22.966038 151.928309 50.757376 887.814050 147.265532 529.677669 82.532559 147.265532 50.027352 82.421631 23.825238 529.677669 82.421631 473.743088 82.942213 82.532559 23.825238 82.942213 31.388823 1110.867103 186.232356 154.500927 24.464025 186.232356 61.422317 24.785724 7.283034 154.500927 24.785724 135.976468 30.376783 24.464025 7.283034 30.376783 16.271714
791.869008 124.920971 -212.170385 -31.918997 124.920971 38.415522 -31.273140 -7.363933 -212.170385 -31.273140 169.975530 33.770003 -31.918997 -7.363933 33.770003 16.809048 293.228921 53.077903 -214.372035 -33.033366 53.077903 21.648575 -32.811063 -7.812056 -214.372035 -32.811063 348.026384 61.065521 -33.033366 -7.812056 61.065521 23.135827 106.382204 24.196259 19.232866 3.046047 24.196259 14.607361 3.083906 0.731113 19.232866 3.083906 299.073992 54.605779 3.046047 0.731113 54.605779 22.002547 249.564063 47.269998 46.199885 7.427899 47.269998 20.255990 7.447234 1.837143 46.199885 7.447234 119.193888 26.256438 7.427899 1.837143 26.256438 15.125830 335.578414 60.013069 -163.691769 -25.201515 60.013069 23.099548 -25.544418 -6.105393 -163.691769 -25.544418 220.441509 41.713752 -25.201515 -6.105393 41.713752 18.893448 184.768841 35.951690 -216.897738 -32.326596 35.951690 17.308612 -32.708896 -7.609088 -216.897738 -32.708896 690.476039 111.591115 -32.326596 -7.609088 111.591115 35.441689 120.060599 26.086845 119.622783 17.295797 26.086845 15.062433 16.836570 4.019568 119.622783 16.836570 1023.186722 156.532728 17.295797 4.019568 156.532728 45.264972 423.547713 68.492866 509.939300 72.170306 68.492866 24.999946 71.020388 16.500283 509.939300 71.020388 919.517871 138.842822 72.170306 16.500283 138.842822 40.583318 908.952323 137.354020 536.851071 74.657489 137.354020 40.452222 75.615783 17.260578 536.851071 75.615783 462.748325 73.644009 74.657489 17.260578 73.644009 26.034329 1104.530013 166.356187 157.901050 22.752293 166.356187 47.517672 22.629637 5.285308 157.901050 22.629637 129.414025 27.504625 22.752293 5.285308 27.504625 15.382646
735.780781 106.082868 -207.818066 -28.446717 106.082868 32.052346 -27.136852 -5.715149 -207.818066 -27.136852 169.742894 32.922463 -28.446717 -5.715149 32.922463 16.515882 267.628120 45.736196 -198.368978 -27.367655 45.736196 19.595000 -26.471042 -5.888778 -198.368978 -26.471042 338.801187 56.286793 -27.367655 -5.888778 56.286793 21.647668 103.561086 23.854581 18.741582 2.702481 23.854581 14.697283 2.762915 0.636235 18.741582 2.762915 282.934584 49.530381 2.702481 0.636235 49.530381 20.823466 238.747739 43.634262 42.560599 6.136876 43.634262 19.475563 6.200819 1.505730 42.560599 6.200819 114.835094 25.463378 6.136876 1.505730 25.463378 15.100180 323.695551 54.636900 -151.969441 -20.700944 54.636900 21.481233 -21.202377 -4.707766 -151.969441 -21.202377 205.639207 37.696071 -20.700944 -4.707766 37.696071 17.875022 179.521922 33.963461 -208.173860 -27.524798 33.963461 16.773752 -27.879146 -5.778385 -208.173860 -27.879146 657.986997 97.402907 -27.524798 -5.778385 97.402907 30.233982 114.073148 25.018279 105.307428 13.504184 25.018279 14.952011 12.322628 2.710020 105.307428 12.322628 992.962596 138.286093 13.504184 2.710020 138.286093 37.855231 407.383839 61.760564 494.728365 62.644361 61.760564 22.368485 61.565102 12.406911 494.728365 61.565102 902.155393 124.577011 62.644361 12.406911 124.577011 34.547969 896.942523 124.160584 520.516979 64.447078 124.160584 34.490414 65.808702 12.984524 520.516979 65.808702 442.295737 65.729233 64.447078 12.984524 65.729233 23.128339 1064.949243 146.198793 148.953701 18.718412 146.198793 39.423698 18.984447 3.827056 148.953701 18.984447 124.656244 26.465092 18.718412 3.827056 26.465092 15.222663
701.618629 96.458843 -199.763977 -24.915928 96.458843 29.403686 -24.122244 -4.826991 -199.763977 -24.122244 167.530128 31.991937 -24.915928 -4.826991 31.991937 16.276203 248.186982 41.922501 -185.512499 -24.243802 41.922501 18.812393 -23.049516 -5.185280 -185.512499 -23.049516 335.134104 54.443904 -24.243802 -5.185280 54.443904 21.242407 103.034035 24.004852 18.598665 2.612888 24.004852 14.753350 2.656550 0.633598 18.598665 2.656550 277.519595 48.470244 2.612888 0.633598 48.470244 20.779426 236.792439 43.236786 42.575271 6.146244 43.236786 19.561580 6.144734 1.544473 42.575271 6.144734 114.430327 25.659975 6.146244 1.544473 25.659975 15.176778 316.361212 52.266205 -144.928482 -18.842204 52.266205 21.022734 -19.217404 -4.305578 -144.928482 -19.217404 198.647664 36.414325 -18.842204 -4.305578 36.414325 17.618672 177.254795 33.267928 -198.967449 -24.352913 33.267928 16.595127 -24.937128 -4.979497 -198.967449 -24.937128 620.777811 87.372636 -24.352913 -4.979497 87.372636 27.698924 112.632783 25.038327 99.196202 11.802843 25.038327 14.960533 11.194317 2.285274 99.196202 11.194317 952.582730 124.414211 11.802843 2.285274 124.414211 33.944226 388.099231 56.494565 470.184531 54.626849 56.494565 20.870006 53.531415 10.094942 470.184531 53.531415 871.335987 112.980653 54.626849 10.094942 112.980653 31.183770 857.056349 110.752308 498.098074 57.320493 110.752308 30.755031 57.494029 10.682018 498.098074 57.494029 429.263899 61.595008 57.320493 10.682018 61.595008 21.790096 1012.539327 130.434091 135.529585 15.149476 130.434091 35.028188 15.831687 2.987975 135.529585 15.831687 121.227805 25.971842 15.149476 2.987975 25.971842 15.127115
675.055709 90.794829 -193.348791 -23.047721 90.794829 28.211513 -22.473207 -4.509958 -193.348791 -22.473207 166.260282 31.547286 -23.047721 -4.509958 31.547286 16.176838 238.033945 40.709512 -176.861554 -22.626355 40.709512 18.611836 -21.805136 -5.009082 -176.861554 -21.805136 329.632705 53.020301 -22.626355 -5.009082 53.020301 21.065333 103.159386 24.106358 18.627193 2.624560 24.106358 14.743296 2.683627 0.659267 18.627193 2.683627 271.115067 47.622489 2.624560 0.659267 47.622489 20.735177 232.853503 42.700564 41.145381 5.892107 42.700564 19.557372 5.902968 1.528163 41.145381 5.902968 113.969179 25.651801 5.892107 1.528163 25.651801 15.149438 310.680836 51.162130 -139.965315 -18.070963 51.162130 20.931136 -18.306072 -4.221328 -139.965315 -18.306072 194.606331 35.908477 -18.070963 -4.221328 35.908477 17.520862 176.351745 32.996098 -190.976924 -22.518487 32.996098 16.521756 -23.284150 -4.680631 -190.976924 -23.284150 585.947709 80.896455 -22.518487 -4.680631 80.896455 26.532714 112.725661 25.151270 96.970103 11.035401 25.151270 14.935473 11.064398 2.138480 96.970103 11.064398 911.411156 114.924469 11.035401 2.138480 114.924469 32.007519 373.341955 53.314024 448.964642 49.356800 53.314024 20.123120 48.544714 8.972244 448.964642 48.544714 841.595235 105.032669 49.356800 8.972244 105.032669 29.444543 830.749361 103.712481 474.461697 51.178688 103.712481 29.163627 51.990296 9.407764 474.461697 51.990296 409.655100 57.113588 51.178688 9.407764 57.113588 20.780830 976.996018 121.488099 127.540882 13.655658 121.488099 33.023292 14.226340 2.668572 127.540882 14.226340 119.690413 25.799605 13.655658 2.668572 25.799605 15.060393
663.231285 88.848302 -187.317172 -21.571394 88.848302 27.895026 -21.536511 -4.356377 -187.317172 -21.536511 163.597789 30.958186 -21.571394 -4.356377 30.958186 16.079523 234.952907 40.713084 -173.599038 -22.201988 40.713084 18.595164 -21.807821 -5.034623 -173.599038 -21.807821 326.454442 52.479049 -22.201988 -5.034623 52.479049 21.077510 103.132480 24.090161 18.145138 2.559881 24.090161 14.716054 2.569998 0.652204 18.145138 2.569998 268.586130 47.578478 2.559881 0.652204 47.578478 20.773817 228.526591 42.161050 40.772110 5.962818 42.161050 19.496397 5.914562 1.558792 40.772110 5.914562 114.219599 25.735272 5.962818 1.558792 25.735272 15.147740 309.592843 51.292185 -135.262805 -17.383024 51.292185 21.055822 -17.784314 -4.165241 -135.262805 -17.784314 188.960379 35.065390 -17.383024 -4.165241 35.065390 17.357341 175.133307 32.690701 -185.053973 -21.659388 32.690701 16.469910 -22.227077 -4.580680 -185.053973 -22.227077 564.160186 78.051788 -21.659388 -4.580680 78.051788 26.170904 112.600621 25.099000 94.871834 10.530684 25.099000 14.893347 10.598705 2.028929 94.871834 10.598705 888.360265 110.621020 10.530684 2.028929 110.621020 31.336096 362.914204 51.596743 431.473047 46.012156 51.596743 19.797270 45.689923 8.461403 431.473047 45.689923 812.428860 99.484257 46.012156 8.461403 99.484257 28.548418 793.440614 96.878933 455.002155 48.386884 96.878933 28.052327 48.151948 8.873308 455.002155 48.151948 400.224340 55.701458 48.386884 8.873308 55.701458 20.519968 954.962234 116.832641 126.593163 13.896463 116.832641 32.196041 13.873740 2.645247 126.593163 13.873740 119.936876 25.886142 13.896463 2.645247 25.886142 15.045389
662.028894 88.891832 -181.587585 -20.409217 88.891832 27.936640 -20.924735 -4.256240 -181.587585 -20.924735 159.955970 30.356169 -20.409217 -4.256240 30.356169 15.997244 239.747283 41.901952 -174.535395 -22.306515 41.901952 18.770569 -22.570875 -5.124579 -174.535395 -22.570875 321.008877 51.605406 -22.306515 -5.124579 51.605406 20.985772 103.668065 24.190505 20.542976 3.018226 24.190505 14.729068 3.153804 0.763025 20.542976 3.153804 269.780270 48.011390 3.018226 0.763025 48.011390 20.836611 234.364553 43.509006 43.029106 6.418000 43.509006 19.748276 6.381525 1.644272 43.029106 6.381525 115.059633 25.875213 6.418000 1.644272 25.875213 15.163377 310.196907 51.581653 -132.579449 -17.196517 51.581653 21.147189 -17.586317 -4.152132 -132.579449 -17.586317 185.255691 34.683197 -17.196517 -4.152132 34.683197 17.285678 174.224437 32.577608 -180.132743 -21.183169 32.577608 16.477059 -21.670252 -4.563130 -180.132743 -21.670252 545.276535 76.090206 -21.183169 -4.563130 76.090206 25.948736 112.519654 25.067723 93.141770 10.242056 25.067723 14.878603 10.382239 1.997584 93.141770 10.382239 864.857943 107.505789 10.242056 1.997584 107.505789 30.991348 358.078204 51.070219 420.185108 44.255648 51.070219 19.725943 44.494991 8.288249 420.185108 44.494991 788.370844 95.998591 44.255648 8.288249 95.998591 28.127258 773.048117 94.268459 441.000895 46.295883 94.268459 27.770483 46.288664 8.620381 441.000895 46.288664 390.616522 54.206805 46.295883 8.620381 54.206805 20.291662 932.175818 113.531327 123.313267 13.365346 113.531327 31.785505 13.355815 2.555558 123.313267 13.355815 119.458336 25.786834 13.365346 2.555558 25.786834 15.015347
662.542951 88.865876 -184.654462 -21.553214 88.865876 27.928363 -21.450409 -4.421596 -184.654462 -21.450409 161.881321 30.893214 -21.553214 -4.421596 30.893214 16.101947 244.741429 42.683601 -175.474519 -22.398798 42.683601 18.862580 -22.920702 -5.148375 -175.474519 -22.920702 315.590383 50.949032 -22.398798 -5.148375 50.949032 20.903562 103.938616 24.213242 21.687348 3.146769 24.213242 14.730672 3.262664 0.778126 21.687348 3.262664 269.474045 47.957400 3.146769 0.778126 47.957400 20.790128 235.515541 43.521322 44.176081 6.561011 43.521322 19.697315 6.507376 1.659203 44.176081 6.507376 115.666397 25.952453 6.561011 1.659203 25.952453 15.175299 306.776041 50.976925 -132.105621 -17.543344 50.976925 21.046753 -17.565705 -4.178470 -132.105621 -17.565705 186.018613 35.124724 -17.543344 -4.178470 35.124724 17.353773 172.431171 32.264149 -177.235799 -21.111688 32.264149 16.440321 -21.168421 -4.543444 -177.235799 -21.168421 541.800822 76.524233 -21.111688 -4.543444 76.524233 26.046330 112.532969 25.063794 92.402076 10.173287 25.063794 14.878184 10.334402 2.003583 92.402076 10.334402 850.730266 106.244934 10.173287 2.003583 106.244934 30.918653 353.138870 50.370479 413.263453 43.632579 50.370479 19.632223 43.584484 8.217643 413.263453 43.584484 778.878596 95.330522 43.632579 8.217643 95.330522 28.135876 754.375442 92.139892 432.777551 45.811340 92.139892 27.546880 45.340262 8.580262 432.777551 45.340262 387.866116 54.176864 45.811340 8.580262 54.176864 20.332533 914.855424 111.704521 120.116275 12.908850 111.704521 31.631511 12.982166 2.502850 120.116275 12.982166 118.873533 25.694975 12.908850 2.502850 25.694975 15.000065
651.059231 87.315270 -183.905938 -21.669563 87.315270 27.726773 -21.321455 -4.416088 -183.905938 -21.321455 162.636339 31.058667 -21.669563 -4.416088 31.058667 16.121050 246.235997 42.673217 -175.037440 -22.376395 42.673217 18.844933 -22.754809 -5.122207 -175.037440 -22.754809 312.284119 50.745727 -22.376395 -5.122207 50.745727 20.866034 104.062489 24.214873 22.403901 3.220330 24.214873 14.732618 3.281925 0.791911 22.403901 3.281925 272.511653 48.488345 3.220330 0.791911 48.488345 20.865067 234.252881 43.132289 46.136045 6.928887 43.132289 19.610885 6.782602 1.726185 46.136045 6.782602 117.130384 26.215481 6.928887 1.726185 26.215481 15.231275 307.727576 51.333677 -131.575050 -17.455783 51.333677 21.128427 -17.560215 -4.144457 -131.575050 -17.560215 184.933985 34.915074 -17.455783 -4.144457 34.915074 17.275857 172.623033 32.322371 -179.665820 -21.689360 32.322371 16.457150 -21.537058 -4.613447 -179.665820 -21.537058 552.673548 78.510457 -21.689360 -4.613447 78.510457 26.290638 112.361002 25.040674 90.496761 9.985693 25.040674 14.877452 10.113964 1.989324 90.496761 10.113964 830.535218 104.331088 9.985693 1.989324 104.331088 30.729380 353.281752 50.674123 410.777579 43.477237 50.674123 19.707455 43.771559 8.257369 410.777579 43.771559 770.336107 94.565452 43.477237 8.257369 94.565452 28.065184 737.312165 90.343158 429.866230 46.237267 90.343158 27.341110 45.062829 8.634384 429.866230 45.062829 391.598920 55.090332 46.237267 8.634384 55.090332 20.501424 912.009733 111.936059 118.600684 12.726393 111.936059 31.721438 12.881770 2.489687 118.600684 12.881770 118.479901 25.646447 12.726393 2.489687 25.646447 14.994256
645.178233 86.853768 -183.681829 -21.632792 86.853768 27.691457 -21.321296 -4.410469 -183.681829 -21.321296 163.145399 31.100015 -21.632792 -4.410469 31.100015 16.121756 242.080686 41.739474 -173.048636 -22.281899 41.739474 18.696911 -22.175639 -5.065296 -173.048636 -22.175639 313.601895 51.312131 -22.281899 -5.065296 51.312131 20.944118 104.136994 24.223412 22.319169 3.174312 24.223412 14.737838 3.236710 0.797127 22.319169 3.236710 266.872290 47.344298 3.174312 0.797127 47.344298 20.641567 234.965015 43.278113 47.480805 7.052963 43.278113 19.648955 6.942496 1.757039 47.480805 6.942496 117.977944 26.298916 7.052963 1.757039 26.298916 15.248312 307.515831 51.254600 -132.781513 -17.783780 51.254600 21.093389 -17.725737 -4.173220 -132.781513 -17.725737 186.560235 35.263226 -17.783780 -4.173220 35.263226 17.327101 173.185826 32.452560 -181.461572 -21.931153 32.452560 16.475423 -21.842821 -4.635330 -181.461572 -21.842821 558.117481 79.065791 -21.931153 -4.635330 79.065791 26.286421 112.351811 25.043116 90.220393 10.036916 25.043116 14.879807 10.114989 2.002395 90.220393 10.114989 826.508674 104.605357 10.036916 2.002395 104.605357 30.796298 352.847039 50.659141 409.577399 43.555940 50.659141 19.708050 43.732441 8.267994 409.577399 43.732441 767.569336 94.670832 43.555940 8.267994 94.670832 28.098582 736.488726 91.197247 428.441144 45.764239 91.197247 27.493777 45.384662 8.625198 428.441144 45.384662 390.043604 54.599506 45.764239 8.625198 54.599506 20.416954 911.163258 112.187236 118.185376 12.803975 112.187236 31.762260 12.900502 2.500545 118.185376 12.900502 118.373852 25.655378 12.803975 2.500545 25.655378 14.996748
647.518707 87.503403 -184.375918 -21.587911 87.503403 27.784371 -21.473027 -4.416132 -184.375918 -21.473027 163.347074 31.062722 -21.587911 -4.416132 31.062722 16.114722 242.214069 41.810255 -176.003703 -22.861953 41.810255 18.733918 -22.598220 -5.144815 -176.003703 -22.598220 320.705552 52.449096 -22.861953 -5.144815 52.449096 21.085674 104.115671 24.213792 22.149411 3.153013 24.213792 14.738015 3.178061 0.799698 22.149411 3.178061 265.493084 47.286426 3.153013 0.799698 47.286426 20.655422 233.347953 42.965954 47.320834 6.918507 42.965954 19.591323 6.855526 1.749603 47.320834 6.855526 118.067687 26.260835 6.918507 1.749603 26.260835 15.249736 306.281073 51.013536 -133.825274 -17.975549 51.013536 21.038488 -17.817797 -4.184669 -133.825274 -17.817797 188.430073 35.550196 -17.975549 -4.184669 35.550196 17.365566 171.555538 32.142209 -179.888682 -21.659230 32.142209 16.411830 -21.378601 -4.551242 -179.888682 -21.378601 560.630367 79.206902 -21.659230 -4.551242 79.206902 26.271726 111.747928 24.939198 87.551421 9.757642 24.939198 14.863843 9.548763 1.935973 87.551421 9.548763 823.096461 104.651420 9.757642 1.935973 104.651420 30.783572 358.218093 51.721771 410.604783 43.586860 51.721771 19.885311 44.540875 8.339917 410.604783 44.540875 756.934890 93.282878 43.586860 8.339917 93.282878 27.877175 735.577702 91.456599 427.469419 45.637745 91.456599 27.489755 45.511805 8.627322 427.469419 45.511805 389.146605 54.482095 45.637745 8.627322 54.482095 20.420750 906.210656 111.770223 116.512701 12.583269 111.770223 31.698814 12.730273 2.467427 116.512701 12.730273 117.992179 25.607820 12.583269 2.467427 25.607820 14.988507
633.626787 85.568190 -184.114684 -21.909339 85.568190 27.479611 -21.408639 -4.460160 -184.114684 -21.408639 164.792563 31.379330 -21.909339 -4.460160 31.379330 16.181164 242.254240 41.874597 -177.315336 -22.956289 41.874597 18.743890 -22.756574 -5.150694 -177.315336 -22.756574 323.919633 52.668620 -22.956289 -5.150694 52.668620 21.084994 103.598931 24.105280 20.621164 2.902076 24.105280 14.717447 2.761522 0.733861 20.621164 2.761522 273.877404 48.920152 2.902076 0.733861 48.920152 20.946791 234.404316 43.256205 45.895284 6.546602 43.256205 19.656674 6.617607 1.704044 45.895284 6.617607 116.940831 26.012149 6.546602 1.704044 26.012149 15.209714 308.049526 51.347518 -135.354219 -18.115672 51.347518 21.088203 -18.029638 -4.206264 -135.354219 -18.029638 189.671370 35.638303 -18.115672 -4.206264 35.638303 17.372351 167.871638 31.516383 -176.246617 -21.186870 31.516383 16.301268 -20.500957 -4.427015 -176.246617 -20.500957 566.593537 79.975620 -21.186870 -4.427015 79.975620 26.388679 111.357258 24.894701 86.293968 9.675622 24.894701 14.857924 9.377444 1.916220 86.293968 9.377444 829.292173 105.697012 9.675622 1.916220 105.697012 30.880350 359.269738 51.708626 409.289974 43.543107 51.708626 19.872383 44.276521 8.312074 409.289974 44.276521 750.079604 92.837127 43.543107 8.312074 92.837127 27.820618 731.037253 91.011077 424.870500 45.416096 91.011077 27.391350 45.299410 8.597556 424.870500 45.299410 387.705347 54.391595 45.416096 8.597556 54.391595 20.424901 911.340998 112.662935 111.521881 11.464291 112.662935 31.807919 12.166713 2.325336 111.521881 12.166713 116.483121 25.356077 11.464291 2.325336 25.356077 14.947515
618.509289 83.778430 -185.094669 -22.366327 83.778430 27.230290 -21.538698 -4.525183 -185.094669 -21.538698 167.354505 31.816408 -22.366327 -4.525183 31.816408 16.260337 245.394915 42.492102 -178.719933 -22.953796 42.492102 18.843624 -23.087405 -5.172842 -178.719933 -23.087405 322.541697 52.118872 -22.953796 -5.172842 52.118872 20.984700 104.059813 24.226773 23.025054 3.383161 24.226773 14.743703 3.414749 0.851637 23.025054 3.414749 282.368028 50.081280 3.383161 0.851637 50.081280 21.105117 237.374580 43.749104 47.444428 6.963654 43.749104 19.735995 6.957931 1.790517 47.444428 6.957931 117.654049 26.214529 6.963654 1.790517 26.214529 15.259788 308.191301 51.322441 -135.399579 -18.015249 51.322441 21.069740 -17.985119 -4.193643 -135.399579 -17.985119 189.670077 35.554362 -18.015249 -4.193643 35.554362 17.363452 170.705310 32.236486 -179.962979 -21.654405 32.236486 16.428353 -21.742211 -4.577556 -179.962979 -21.742211 566.664895 79.514170 -21.654405 -4.577556 79.514170 26.294796 110.297007 24.734161 81.929783 9.164934 24.734161 14.831433 8.519316 1.797081 81.929783 8.519316 833.545958 106.199349 9.164934 1.797081 106.199349 30.897045 359.241641 51.811656 403.514972 42.851022 51.811656 19.918873 43.808249 8.253998 403.514972 43.808249 731.968972 90.775181 42.851022 8.253998 90.775181 27.525699 729.405393 91.151338 420.050021 44.592721 91.151338 27.410721 44.966176 8.511864 420.050021 44.966176 381.967637 53.552679 44.592721 8.511864 53.552679 20.301526 914.378231 113.001256 107.702225 11.028391 113.001256 31.824045 11.788133 2.265867 107.702225 11.788133 115.395170 25.244224 11.028391 2.265867 25.244224 14.931935
613.388438 83.697800 -184.667688 -22.030785 83.697800 27.232239 -21.560683 -4.503201 -184.667688 -21.560683 167.704713 31.716883 -22.030785 -4.503201 31.716883 16.242962 245.625942 42.375097 -178.869215 -22.928034 42.375097 18.801313 -22.985390 -5.160293 -178.869215 -22.985390 322.551810 52.139168 -22.928034 -5.160293 52.139168 21.018069 104.395478 24.280086 24.160773 3.494933 24.280086 14.750307 3.589918 0.863936 24.160773 3.589918 280.037897 49.201398 3.494933 0.863936 49.201398 20.931840 238.402589 43.827503 46.252369 6.622348 43.827503 19.746662 6.703626 1.720248 46.252369 6.703626 116.718434 26.002301 6.622348 1.720248 26.002301 15.210638 304.417396 50.613787 -135.069366 -18.043731 50.613787 20.940894 -17.865957 -4.198234 -135.069366 -17.865957 190.877404 35.803953 -18.043731 -4.198234 35.803953 17.425794 174.570673 32.896830 -183.588331 -21.989493 32.896830 16.521243 -22.614284 -4.661050 -183.588331 -22.614284 560.117149 78.355198 -21.989493 -4.661050 78.355198 26.137652 110.227768 24.784173 81.573165 9.189501 24.784173 14.839485 8.901185 1.831623 81.573165 8.901185 832.624656 105.868337 9.189501 1.831623 105.868337 30.814168 355.388524 51.041051 399.686834 42.807397 51.041051 19.810427 42.953549 8.197344 399.686834 42.953549 729.436289 91.257412 42.807397 8.197344 91.257412 27.608226 724.458446 90.527158 416.924564 44.518963 90.527158 27.306977 44.644105 8.490888 416.924564 44.644105 379.998361 53.567026 44.518963 8.490888 53.567026 20.319585 917.392154 113.249140 105.617814 11.009779 113.249140 31.835852 11.601986 2.241026 105.617814 11.601986 114.797458 25.215751 11.009779 2.241026 25.215751 14.924914
626.355076 85.983847 -184.908594 -21.500463 85.983847 27.532743 -21.744147 -4.468091 -184.908594 -21.744147 166.234041 31.303585 -21.500463 -4.468091 31.303585 16.179184 246.327265 42.354817 -181.288337 -23.331295 42.354817 18.792110 -23.220994 -5.213119 -181.288337 -23.220994 327.483611 52.965398 -23.331295 -5.213119 52.965398 21.163848 104.651409 24.307103 25.172233 3.605042 24.307103 14.754343 3.689696 0.882837 25.172233 3.689696 281.109180 49.350512 3.605042 0.882837 49.350512 21.005330 238.617538 43.774119 46.238643 6.690394 43.774119 19.743066 6.723383 1.734056 46.238643 6.723383 116.681854 26.037755 6.690394 1.734056 26.037755 15.220131 303.456443 50.682031 -132.553219 -17.482000 50.682031 20.979126 -17.557852 -4.129784 -132.553219 -17.557852 187.976130 35.200063 -17.482000 -4.129784 35.200063 17.318539 177.503897 33.278513 -184.312803 -21.938294 33.278513 16.579058 -22.793971 -4.676381 -184.312803 -22.793971 545.966728 76.454415 -21.938294 -4.676381 76.454415 25.889287 110.228535 24.795729 82.317983 9.288571 24.795729 14.835920 9.083314 1.827868 82.317983 9.083314 845.973550 107.475851 9.288571 1.827868 107.475851 31.009428 350.999018 50.474136 395.613825 42.609461 50.474136 19.753193 42.359880 8.151350 395.613825 42.359880 727.506475 91.419325 42.609461 8.151350 91.419325 27.605377 728.732039 91.324975 416.579874 44.387951 91.324975 27.422422 44.807837 8.477505 416.579874 44.807837 377.642271 53.236217 44.387951 8.477505 53.236217 20.250975 917.034432 113.030863 106.469329 11.578109 113.030863 31.795840 11.727580 2.279267 106.469329 11.727580 115.025127 25.309350 11.578109 2.279267 25.309350 14.934595
644.028012 88.257214 -185.066707 -21.142016 88.257214 27.781712 -21.833386 -4.434969 -185.066707 -21.833386 164.222046 30.944195 -21.142016 -4.434969 30.944195 16.129131 248.565994 42.753695 -182.469038 -23.345257 42.753695 18.872711 -23.439655 -5.233904 -182.469038 -23.439655 326.960256 52.638228 -23.345257 -5.233904 52.638228 21.090908 103.903590 24.136151 22.328715 3.065424 24.136151 14.722008 2.922423 0.760188 22.328715 2.922423 281.481075 49.419678 3.065424 0.760188 49.419678 21.046996 236.267006 43.292760 47.317723 6.999030 43.292760 19.664295 6.910012 1.782618 47.317723 6.910012 117.703690 26.266053 6.999030 1.782618 26.266053 15.263274 295.671198 49.531434 -126.296973 -16.556517 49.531434 20.794092 -16.667266 -3.995707 -126.296973 -16.667266 183.124269 34.505456 -16.556517 -3.995707 34.505456 17.222658 176.944315 32.959985 -182.370204 -21.724758 32.959985 16.529733 -22.114986 -4.619503 -182.370204 -22.114986 539.832922 76.174330 -21.724758 -4.619503 76.174330 25.888993 109.886585 24.744872 80.514201 9.018879 24.744872 14.824529 8.786477 1.768644 80.514201 8.786477 841.510823 106.552658 9.018879 1.768644 106.552658 30.866040 349.772323 50.470224 395.297815 42.742055 50.470224 19.763110 42.465886 8.164867 395.297815 42.465886 729.586542 91.809625 42.742055 8.164867 91.809625 27.623837 732.249088 91.813529 415.333564 44.164786 91.813529 27.480044 44.748874 8.442387 415.333564 44.748874 374.458734 52.839472 44.164786 8.442387 52.839472 20.180097 916.676069 112.896387 108.729539 12.150896 112.896387 31.779232 11.964621 2.319980 108.729539 11.964621 115.627409 25.418462 12.150896 2.319980 25.418462 14.945552
649.930238 88.276325 -188.477253 -22.062686 88.276325 27.702146 -22.190156 -4.536272 -188.477253 -22.190156 165.861573 31.379115 -22.062686 -4.536272 31.379115 16.206519 242.968500 41.570335 -181.159343 -23.293803 41.570335 18.653895 -22.843389 -5.179131 -181.159343 -22.843389 332.539839 53.706494 -23.293803 -5.179131 53.706494 21.303665 103.105069 24.011486 18.897376 2.562934 24.011486 14.702945 2.298440 0.668694 18.897376 2.298440 282.933258 49.684492 2.562934 0.668694 49.684492 21.110960 231.831551 42.573165 47.689314 7.065294 42.573165 19.547259 6.932220 1.789464 47.689314 6.932220 118.535444 26.392783 7.065294 1.789464 26.392783 15.284221 292.005842 49.138900 -126.241047 -16.970483 49.138900 20.733155 -16.836106 -4.063331 -126.241047 -16.836106 184.628219 35.057027 -16.970483 -4.063331 35.057027 17.337779 172.072179 32.036692 -176.301106 -21.093062 32.036692 16.398481 -20.696424 -4.477083 -176.301106 -20.696424 539.327117 76.697189 -21.093062 -4.477083 76.697189 25.978563 110.652575 24.905003 83.453444 9.386157 24.905003 14.850373 9.712573 1.875139 83.453444 9.712573 832.662196 105.311253 9.386157 1.875139 105.311253 30.716970 356.388053 51.727057 399.889489 43.123018 51.727057 19.949788 43.681737 8.267532 399.889489 43.681737 727.610486 91.204746 43.123018 8.267532 91.204746 27.485216 747.718025 93.953865 416.005055 43.736562 93.953865 27.776763 45.067063 8.401814 416.005055 45.067063 368.788831 51.877396 43.736562 8.401814 51.877396 20.006810 915.624313 112.786800 107.263211 11.638589 112.786800 31.775245 11.720940 2.242947 107.263211 11.720940 115.256573 25.319935 11.638589 2.242947 25.319935 14.925079
648.438538 87.469453 -193.239753 -23.102841 87.469453 27.572956 -22.620493 -4.636847 -193.239753 -22.620493 169.362658 31.992084 -23.102841 -4.636847 31.992084 16.293434 240.099441 41.245253 -181.181562 -23.322465 41.245253 18.617857 -22.838427 -5.189772 -181.181562 -22.838427 337.358102 54.292979 -23.322465 -5.189772 54.292979 21.394852 102.913441 24.022439 18.163645 2.575745 24.022439 14.704861 2.415932 0.684477 18.163645 2.415932 286.343901 50.224786 2.575745 0.684477 50.224786 21.210057 228.335910 42.153890 47.679302 7.032621 42.153890 19.478048 6.919069 1.792259 47.679302 6.919069 119.003642 26.436199 7.032621 1.792259 26.436199 15.295949 294.598244 49.863913 -126.847340 -17.041026 49.863913 20.855332 -17.074735 -4.066319 -126.847340 -17.074735 184.300216 34.945500 -17.041026 -4.066319 34.945500 17.288445 169.118637 31.718000 -173.296979 -20.904662 31.718000 16.373047 -20.341849 -4.456732 -173.296979 -20.341849 542.875932 77.385923 -20.904662 -4.456732 77.385923 26.050414 111.487643 25.018044 87.133970 9.793326 25.018044 14.865158 10.299210 1.939615 87.133970 10.299210 834.235319 105.684311 9.793326 1.939615 105.684311 30.793038 361.406781 52.235122 404.691153 43.617654 52.235122 19.987004 44.190804 8.305304 404.691153 44.190804 730.366985 91.540606 43.617654 8.305304 91.540606 27.514176 768.364948 96.583999 413.540526 42.650019 96.583999 28.140895 44.997999 8.281983 413.540526 44.997999 357.453276 50.147305 42.650019 8.281983 50.147305 19.724839 915.530877 112.843244 103.527299 10.816136 112.843244 31.792651 11.269166 2.147007 103.527299 11.269166 114.291799 25.155468 10.816136 2.147007 25.155468 14.900557
645.044599 86.849291 -195.601368 -23.298218 86.849291 27.517359 -22.751716 -4.649152 -195.601368 -22.751716 171.473451 32.191360 -23.298218 -4.649152 32.191360 16.310443 242.415877 41.875579 -183.130076 -23.470755 41.875579 18.724325 -23.374148 -5.247883 -183.130076 -23.374148 338.503992 54.118780 -23.470755 -5.247883 54.118780 21.362615 102.955619 24.052041 18.276869 2.636407 24.052041 14.705154 2.594724 0.686930 18.276869 2.594724 284.313254 49.715560 2.636407 0.686930 49.715560 21.118434 231.636914 42.968712 49.288174 7.294815 42.968712 19.615171 7.233425 1.853777 49.288174 7.233425 119.746172 26.538848 7.294815 1.853777 26.538848 15.322083 299.922879 50.787433 -127.177410 -16.941088 50.787433 20.981659 -17.184105 -4.041746 -127.177410 -17.184105 182.498399 34.567883 -16.941088 -4.041746 34.567883 17.205091 169.474615 32.013553 -173.786175 -21.056510 32.013553 16.425495 -20.882183 -4.512888 -173.786175 -20.882183 543.039549 77.240758 -21.056510 -4.512888 77.240758 25.990275 112.644907 25.178769 91.528894 10.266281 25.178769 14.891259 11.015403 2.035386 91.528894 11.015403 828.800211 105.025424 10.266281 2.035386 105.025424 30.706918 361.061066 51.884664 404.401449 43.544151 51.884664 19.921230 43.750165 8.253193 404.401449 43.750165 730.300702 91.589786 43.544151 8.253193 91.589786 27.509751 777.404486 96.839335 413.634855 43.143810 96.839335 28.141955 44.753164 8.292015 413.634855 44.753164 354.133625 50.224051 43.143810 8.292015 50.224051 19.732321 919.452557 113.341075 101.948886 10.724507 113.341075 31.856747 11.141271 2.139759 101.948886 11.141271 113.831643 25.121234 10.724507 2.139759 25.121234 14.897918
632.894855 85.061341 -200.344251 -24.357470 85.061341 27.276763 -23.207700 -4.796488 -200.344251 -23.207700 176.620885 33.010161 -24.357470 -4.796488 33.010161 16.457262 243.196367 41.934473 -184.545821 -23.609854 41.934473 18.698857 -23.530321 -5.261415 -184.545821 -23.530321 340.861903 54.402042 -23.609854 -5.261415 54.402042 21.438869 102.710448 23.999984 17.111618 2.419383 23.999984 14.689600 2.313984 0.614543 17.111618 2.313984 286.867879 50.212989 2.419383 0.614543 50.212989 21.228937 228.843704 42.314892 50.865775 7.617447 42.314892 19.445252 7.452218 1.912324 50.865775 7.452218 121.401114 26.851713 7.617447 1.912324 26.851713 15.393479 302.130528 50.900217 -127.536405 -17.015978 50.900217 20.965737 -17.182825 -4.035939 -127.536405 -17.182825 182.054459 34.570588 -17.015978 -4.035939 34.570588 17.204215 169.980743 32.140078 -174.685737 -21.171323 32.140078 16.424166 -21.134432 -4.513894 -174.685737 -21.134432 544.345173 77.357732 -21.171323 -4.513894 77.357732 26.000246 112.313253 25.037975 90.403786 10.047358 25.037975 14.867137 10.186341 1.949759 90.403786 10.186341 832.069341 105.659454 10.047358 1.949759 105.659454 30.799994 361.218154 51.962317 401.694697 43.090783 51.962317 19.959918 43.516711 8.222813 401.694697 43.516711 721.533557 90.342061 43.090783 8.222813 90.342061 27.323104 775.468786 95.753262 414.883261 44.085460 95.753262 28.010993 44.487226 8.330158 414.883261 44.487226 356.396242 51.045292 44.085460 8.330158 51.045292 19.820669 921.295858 113.477470 101.351585 10.839944 113.477470 31.867970 11.104849 2.142428 101.351585 11.104849 113.654963 25.129495 10.839944 2.142428 25.129495 14.898238
622.591320 83.959450 -203.698177 -24.748295 83.959450 27.148846 -23.553128 -4.875404 -203.698177 -23.553128 180.709022 33.474796 -24.748295 -4.875404 33.474796 16.539241 242.058564 41.635158 -185.029126 -23.655070 41.635158 18.629579 -23.450145 -5.253264 -185.029126 -23.450145 344.066195 54.867982 -23.655070 -5.253264 54.867982 21.535491 102.716283 24.011294 17.261665 2.468868 24.011294 14.690616 2.424594 0.625347 17.261665 2.424594 289.189784 50.535642 2.468868 0.625347 50.535642 21.283021 223.591315 41.439986 49.339003 7.204233 41.439986 19.285596 7.115928 1.845471 49.339003 7.115928 121.012574 26.691757 7.204233 1.845471 26.691757 15.364555 308.339707 51.812282 -128.398192 -17.020144 51.812282 21.128856 -17.312333 -4.031245 -128.398192 -17.312333 180.698409 34.301218 -17.020144 -4.031245 34.301218 17.135126 169.944860 32.157761 -173.213154 -20.901541 32.157761 16.416287 -21.011352 -4.471705 -173.213154 -21.011352 537.131269 76.252321 -20.901541 -4.471705 76.252321 25.836674 111.853527 24.946346 88.909255 9.881912 24.946346 14.858639 9.701744 1.921033 88.909255 9.701744 838.394945 106.480090 9.881912 1.921033 106.480090 30.891780 365.213963 52.632665 402.230777 43.081722 52.632665 20.080093 43.897990 8.268319 402.230777 43.897990 713.782626 89.349973 43.081722 8.268319 89.349973 27.184090 764.601847 93.847598 417.530794 45.240947 93.847598 27.793513 44.347146 8.397324 417.530794 44.347146 363.901158 52.419842 45.240947 8.397324 52.419842 19.990424 922.640239 113.557088 101.143403 10.928372 113.557088 31.876821 11.083620 2.136375 101.143403 11.083620 113.583252 25.136658 10.928372 2.136375 25.136658 14.896422
622.367663 84.584039 -201.559585 -23.629313 84.584039 27.263845 -23.353495 -4.788431 -201.559585 -23.353495 179.080246 32.867717 -23.629313 -4.788431 32.867717 16.448786 243.562937 42.039444 -183.944174 -23.306628 42.039444 18.715548 -23.484910 -5.239809 -183.944174 -23.484910 338.694775 53.774878 -23.306628 -5.239809 53.774878 21.354807 103.064126 24.085561 18.873507 2.739024 24.085561 14.704065 2.838752 0.686467 18.873507 2.838752 285.706888 49.801574 2.739024 0.686467 49.801574 21.153202 224.891655 41.913677 50.516548 7.464388 41.913677 19.376837 7.396369 1.915751 50.516548 7.396369 121.752232 26.833650 7.464388 1.915751 26.833650 15.405906 305.625862 51.018853 -127.893791 -17.072084 51.018853 20.989570 -17.093965 -4.018554 -127.893791 -17.093965 181.120540 34.504642 -17.072084 -4.018554 34.504642 17.171954 165.535836 31.268326 -169.327680 -20.481056 31.268326 16.251365 -19.803186 -4.313954 -169.327680 -19.803186 546.392552 77.992747 -20.481056 -4.313954 77.992747 26.134141 111.546330 24.917859 87.722606 9.779344 24.917859 14.858735 9.566591 1.919963 87.722606 9.566591 839.941917 106.508232 9.779344 1.919963 106.508232 30.874459 365.758941 52.578493 400.487622 42.961791 52.578493 20.078207 43.590282 8.248774 400.487622 43.590282 707.229722 88.833355 42.961791 8.248774 88.833355 27.128366 760.861608 93.878199 414.732373 44.380376 93.878199 27.882716 44.093541 8.307660 414.732373 44.093541 361.849336 51.705879 44.380376 8.307660 51.705879 19.840794 926.430372 113.961155 100.917992 10.898652 113.961155 31.929345 11.045452 2.119130 100.917992 11.045452 113.470836 25.122252 10.898652 2.119130 25.122252 14.891314
630.010777 85.970036 -198.900453 -22.745660 85.970036 27.438665 -23.181376 -4.732954 -198.900453 -23.181376 175.941423 32.264939 -22.745660 -4.732954 32.264939 16.381197 246.050326 42.433204 -184.350239 -23.345469 42.433204 18.779004 -23.645733 -5.265230 -184.350239 -23.645733 335.644698 53.389689 -23.345469 -5.265230 53.389689 21.318009 103.282661 24.108970 20.171228 2.903266 24.108970 14.706329 2.987659 0.705884 20.171228 2.987659 290.237639 50.701619 2.903266 0.705884 50.701619 21.333741 230.273916 42.899760 53.215182 7.925966 42.899760 19.526766 7.873092 2.003101 53.215182 7.873092 123.059872 27.052677 7.925966 2.003101 27.052677 15.451790 299.361678 49.960622 -126.487206 -16.978786 49.960622 20.846944 -16.803457 -3.993958 -126.487206 -16.803457 181.844219 34.686244 -16.978786 -3.993958 34.686244 17.198531 166.860377 31.757749 -170.435118 -20.641511 31.757749 16.353133 -20.605570 -4.416596 -170.435118 -20.605570 543.096362 77.152725 -20.641511 -4.416596 77.152725 25.963808 111.580377 24.947797 88.010926 9.849804 24.947797 14.864141 9.767301 1.944004 88.010926 9.767301 842.363237 106.678338 9.849804 1.944004 106.678338 30.890606 364.125796 52.221366 398.236603 42.885647 52.221366 20.040508 43.124840 8.222163 398.236603 43.124840 704.156973 88.832018 42.885647 8.222163 88.832018 27.131592 751.649906 92.792168 413.350048 44.495843 92.792168 27.737029 43.870626 8.328795 413.350048 43.870626 363.781129 52.075894 44.495843 8.328795 52.075894 19.926597 925.304137 113.710961 100.226097 10.821409 113.710961 31.897092 10.947714 2.101000 100.226097 10.947714 113.318729 25.104644 10.821409 2.101000 25.104644 14.887332
640.084671 87.296624 -195.843587 -22.078779 87.296624 27.590736 -22.925758 -4.670046 -195.843587 -22.925758 172.301087 31.753216 -22.078779 -4.670046 31.753216 16.317811 245.069526 42.094074 -183.982283 -23.399910 42.094074 18.715781 -23.437637 -5.254325 -183.982283 -23.437637 336.297746 53.745655 -23.399910 -5.254325 53.745655 21.391925 103.327043 24.100627 20.561598 2.912008 24.100627 14.705192 2.944493 0.704413 20.561598 2.944493 293.598323 51.147749 2.912008 0.704413 51.147749 21.396108 236.786762 43.858232 54.749199 8.006531 43.858232 19.670065 8.046874 2.015517 54.749199 8.046874 123.229047 26.997134 8.006531 2.015517 26.997134 15.437958 298.473906 50.180355 -123.794049 -16.407616 50.180355 20.933621 -16.505702 -3.923122 -123.794049 -16.505702 178.791857 34.048344 -16.407616 -3.923122 34.048344 17.073942 169.534556 32.241176 -173.718547 -21.041858 32.241176 16.418901 -21.363536 -4.494638 -173.718547 -21.363536 542.326279 76.952368 -21.041858 -4.494638 76.952368 25.937047 111.312809 24.910110 86.563178 9.664069 24.910110 14.856430 9.540972 1.905843 86.563178 9.540972 837.025854 105.900040 9.664069 1.905843 105.900040 30.795081 358.304666 51.069047 398.259152 43.335649 51.069047 19.864873 42.423047 8.190918 398.259152 42.423047 717.893442 91.166002 43.335649 8.190918 91.166002 27.455651 748.316934 92.784067 411.618818 44.138560 92.784067 27.751447 43.836335 8.315182 411.618818 43.836335 362.926298 51.830932 44.138560 8.315182 51.830932 19.902484 929.980587 114.270917 99.594335 10.681483 114.270917 31.975230 10.871326 2.078935 99.594335 10.871326 113.097652 25.070506 10.681483 2.078935 25.070506 14.880899
628.507919 85.079712 -197.357324 -23.331441 85.079712 27.226847 -23.073315 -4.808915 -197.357324 -23.073315 174.994821 32.570673 -23.331441 -4.808915 32.570673 16.467804 245.087825 42.137162 -183.374912 -23.316509 42.137162 18.745268 -23.388538 -5.250302 -183.374912 -23.388538 334.717094 53.506449 -23.316509 -5.250302 53.506449 21.333138 103.623789 24.155557 22.052081 3.146090 24.155557 14.718169 3.234056 0.765796 22.052081 3.234056 296.271824 51.419860 3.146090 0.765796 51.419860 21.436699 239.356549 44.000395 53.032629 7.489003 44.000395 19.690417 7.651065 1.929608 53.032629 7.651065 121.486040 26.620161 7.489003 1.929608 26.620161 15.368834 298.725460 50.332249 -123.508219 -16.502048 50.332249 20.949277 -16.569835 -3.946463 -123.508219 -16.569835 178.331079 34.087657 -16.502048 -3.946463 34.087657 17.096999 171.102906 32.393637 -175.344049 -21.174060 32.393637 16.430158 -21.516118 -4.502120 -175.344049 -21.516118 540.528782 76.716865 -21.174060 -4.502120 76.716865 25.907379 111.490111 24.966546 86.319843 9.650314 24.966546 14.866007 9.785813 1.931659 86.319843 9.785813 820.390999 103.853815 9.650314 1.931659 103.853815 30.552397 356.913810 51.165940 398.340354 43.284001 51.165940 19.904611 42.668795 8.206833 398.340354 42.668795 721.481919 91.241745 43.284001 8.206833 91.241745 27.408858 751.554354 93.768776 406.895422 42.992068 93.768776 27.901924 43.638844 8.225147 406.895422 43.638844 355.683140 50.594448 42.992068 8.225147 50.594448 19.730309 932.291335 114.427924 100.373404 10.944407 114.427924 31.990848 10.967500 2.106415 100.373404 10.967500 113.251772 25.111430 10.944407 2.106415 25.111430 14.887224
625.125392 84.747490 -199.092197 -23.661576 84.747490 27.221644 -23.265124 -4.822606 -199.092197 -23.265124 176.778329 32.815999 -23.661576 -4.822606 32.815999 16.479464 242.371190 41.539236 -184.566845 -23.692790 41.539236 18.633248 -23.321037 -5.267878 -184.566845 -23.321037 342.331490 54.909415 -23.692790 -5.267878 54.909415 21.568587 103.721649 24.160528 22.359735 3.147265 24.160528 14.719697 3.214183 0.768279 22.359735 3.214183 294.116484 50.887844 3.147265 0.768279 50.887844 21.352198 238.028050 43.522359 53.013233 7.637108 43.522359 19.626904 7.665547 1.966796 53.013233 7.665547 121.662156 26.753766 7.637108 1.966796 26.753766 15.406414 304.058061 51.312419 -123.686704 -16.441793 51.312419 21.110206 -16.697560 -3.937153 -123.686704 -16.697560 176.524586 33.760197 -16.441793 -3.937153 33.760197 17.025624 171.929933 32.371698 -177.717352 -21.474255 32.371698 16.421647 -21.579817 -4.522429 -177.717352 -21.579817 547.228970 77.771266 -21.474255 -4.522429 77.771266 26.059846 111.635122 24.986491 86.490175 9.690926 24.986491 14.867675 9.853046 1.937164 86.490175 9.853046 813.243248 103.394179 9.690926 1.937164 103.394179 30.534055 361.177728 52.152564 399.918560 43.183619 52.152564 20.051810 43.503070 8.258747 399.918560 43.503070 716.161306 90.015817 43.183619 8.258747 90.015817 27.215675 746.883195 92.995541 405.000025 43.272227 92.995541 27.758917 43.406221 8.250852 405.000025 43.406221 355.137403 50.926657 43.272227 8.250852 50.926657 19.817700 929.602062 114.079419 93.945511 9.468240 114.079419 31.959966 10.168147 1.919847 93.945511 10.168147 111.786092 24.852906 9.468240 1.919847 24.852906 14.845240
631.715497 85.767367 -204.654109 -24.420766 85.767367 27.367273 -23.957848 -4.917253 -204.654109 -23.957848 180.069043 33.225959 -24.420766 -4.917253 33.225959 16.531470 245.398517 42.251054 -186.693649 -23.833112 42.251054 18.771362 -23.850439 -5.319504 -186.693649 -23.850439 342.733917 54.573778 -23.833112 -5.319504 54.573778 21.467306 103.303303 24.065600 20.675968 2.843079 24.065600 14.702388 2.734219 0.697397 20.675968 2.734219 298.257053 51.670017 2.843079 0.697397 51.670017 21.518186 237.918099 43.535579 52.662083 7.584896 43.535579 19.676257 7.614319 1.955502 52.662083 7.614319 121.405794 26.711919 7.584896 1.955502 26.711919 15.390008 312.262060 52.563844 -123.522087 -16.243684 52.563844 21.308995 -16.716788 -3.900354 -123.522087 -16.716788 173.410765 33.220699 -16.243684 -3.900354 33.220699 16.914674 171.742810 32.287913 -177.422683 -21.366362 32.287913 16.418238 -21.395489 -4.507722 -177.422683 -21.395489 546.929958 77.565522 -21.366362 -4.507722 77.565522 26.005639 112.192970 25.075403 88.681545 9.984559 25.075403 14.882119 10.300661 1.996772 88.681545 10.300661 812.051904 103.613474 9.984559 1.996772 103.613474 30.569180 358.257630 51.437162 398.922660 43.186685 51.437162 19.900728 42.905860 8.193093 398.922660 42.905860 720.049197 90.802958 43.186685 8.193093 90.802958 27.372065 750.828176 93.696004 404.704248 43.161260 93.696004 27.865271 43.534181 8.238355 404.704248 43.534181 353.226085 50.664886 43.161260 8.238355 50.664886 19.760844 923.142024 113.233736 95.998998 10.541673 113.233736 31.860198 10.510047 2.053103 95.998998 10.510047 112.343409 25.026006 10.541673 2.053103 25.026006 14.876322
631.707213 85.653084 -206.804550 -24.517317 85.653084 27.323570 -24.114482 -4.931243 -206.804550 -24.114482 181.737831 33.344055 -24.517317 -4.931243 33.344055 16.548865 246.061992 42.302243 -186.578929 -23.702641 42.302243 18.760601 -23.789184 -5.296733 -186.578929 -23.789184 341.326415 54.240860 -23.702641 -5.296733 54.240860 21.426564 102.824435 23.991399 18.249596 2.484729 23.991399 14.691096 2.296815 0.633175 18.249596 2.296815 298.202154 51.534735 2.484729 0.633175 51.534735 21.492507 239.636585 43.865253 54.190555 7.933432 43.865253 19.752893 7.897780 2.015614 54.190555 7.897780 122.333815 26.907762 7.933432 2.015614 26.907762 15.425048 315.226212 52.674693 -122.632645 -16.144780 52.674693 21.315162 -16.516715 -3.864757 -122.632645 -16.516715 171.379175 33.018585 -16.144780 -3.864757 33.018585 16.871095 168.504292 31.710661 -172.992872 -20.784478 31.710661 16.330203 -20.437358 -4.393169 -172.992872 -20.437358 545.335178 77.391613 -20.784478 -4.393169 77.391613 25.997303 111.787205 24.970390 87.022052 9.754283 24.970390 14.863967 9.707130 1.925013 87.022052 9.707130 811.772573 103.813692 9.754283 1.925013 103.813692 30.581210 355.229481 50.984665 397.443901 43.056053 50.984665 19.833830 42.569551 8.158715 397.443901 42.569551 722.787465 91.177912 43.056053 8.158715 91.177912 27.428744 749.506563 93.367443 405.037684 43.489090 93.367443 27.802697 43.510411 8.253738 405.037684 43.510411 354.156159 50.982217 43.489090 8.253738 50.982217 19.803973 913.954386 112.328857 91.247548 9.513855 112.328857 31.777764 9.922128 1.907626 91.247548 9.922128 111.375395 24.853407 9.513855 1.907626 24.853407 14.844284
625.845475 84.908369 -202.963304 -23.571140 84.908369 27.222275 -23.565776 -4.827362 -202.963304 -23.565776 179.639455 32.875713 -23.571140 -4.827362 32.875713 16.482655 243.966133 41.784131 -186.862103 -23.832489 41.784131 18.656658 -23.604523 -5.289867 -186.862103 -23.604523 345.597073 55.045111 -23.832489 -5.289867 55.045111 21.584690 102.943347 24.044840 19.104983 2.726493 24.044840 14.701484 2.686984 0.697151 19.104983 2.686984 302.587909 52.245102 2.726493 0.697151 52.245102 21.626935 238.903428 43.680318 54.317085 7.896813 43.680318 19.718983 7.862987 2.002407 54.317085 7.862987 122.545232 26.908322 7.896813 2.002407 26.908322 15.419902 309.462005 51.372451 -122.685024 -16.507318 51.372451 21.110141 -16.397492 -3.890165 -122.685024 -16.397492 173.391959 33.600545 -16.507318 -3.890165 33.600545 16.967949 165.717778 31.388241 -168.528498 -20.274292 31.388241 16.291727 -19.883564 -4.330078 -168.528498 -19.883564 540.881064 76.817395 -20.274292 -4.330078 76.817395 25.933428 111.181582 24.870309 84.698170 9.494797 24.870309 14.850683 9.189554 1.870847 84.698170 9.189554 814.899142 104.311799 9.494797 1.870847 104.311799 30.622576 362.269300 52.517303 398.727698 42.825057 52.517303 20.093417 43.715254 8.247527 398.727698 43.715254 709.963876 88.944266 42.825057 8.247527 88.944266 27.089046 756.868699 94.564561 403.931845 42.884046 94.564561 27.986113 43.551336 8.189049 403.931845 43.551336 349.953642 50.174766 42.884046 8.189049 50.174766 19.654330 910.836372 112.211983 91.938446 10.028218 112.211983 31.779943 10.079817 1.967497 91.938446 10.079817 111.570207 24.930405 10.028218 1.967497 24.930405 14.857426
632.676011 86.110623 -200.109291 -22.786710 86.110623 27.412793 -23.332210 -4.759438 -200.109291 -23.332210 176.469396 32.316129 -22.786710 -4.759438 32.316129 16.404807 241.797038 41.410483 -187.695679 -24.000819 41.410483 18.595754 -23.595160 -5.301357 -187.695679 -23.595160 351.587682 55.917932 -24.000819 -5.301357 55.917932 21.724897 103.243271 24.108034 20.362984 2.922906 24.108034 14.710384 3.014946 0.731822 20.362984 3.014946 297.637976 51.209251 2.922906 0.731822 51.209251 21.444370 234.560155 42.894033 53.980367 7.863884 42.894033 19.580167 7.775756 2.000148 53.980367 7.775756 122.971064 26.987196 7.863884 2.000148 26.987196 15.440588 304.706841 50.732561 -122.285248 -16.508293 50.732561 21.057132 -16.298848 -3.877663 -122.285248 -16.298848 174.590720 33.770364 -16.508293 -3.877663 33.770364 16.972632 166.045722 31.647956 -167.965877 -20.296613 31.647956 16.339720 -20.278580 -4.377382 -167.965877 -20.278580 535.743428 76.148871 -20.296613 -4.377382 76.148871 25.850808 111.122812 24.892217 84.744693 9.554784 24.892217 14.856234 9.377038 1.896956 84.744693 9.377038 819.837394 104.860038 9.554784 1.896956 104.860038 30.663901 371.004976 53.761347 401.874780 43.010576 53.761347 20.264106 44.505039 8.316446 401.874780 44.505039 699.587029 87.637788 43.010576 8.316446 87.637788 26.926256 755.544587 94.001661 405.068886 43.467409 94.001661 27.876175 43.517088 8.230703 405.068886 43.517088 351.861317 50.727405 43.467409 8.230703 50.727405 19.746622 889.416676 109.721571 95.056054 11.060804 109.721571 31.466429 10.465478 2.079704 95.056054 10.465478 112.595264 25.133188 11.060804 2.079704 25.133188 14.889178
639.392320 86.891020 -199.592464 -22.832872 86.891020 27.504862 -23.352034 -4.773552 -199.592464 -23.352034 175.142020 32.235767 -22.832872 -4.773552 32.235767 16.403269 240.517399 41.306086 -188.004523 -23.977587 41.306086 18.578757 -23.647492 -5.302551 -188.004523 -23.647492 354.713222 56.152745 -23.977587 -5.302551 56.152745 21.758968 103.264357 24.092452 20.596009 2.907944 24.092452 14.704191 2.937672 0.709067 20.596009 2.937672 299.953635 51.759516 2.907944 0.709067 51.759516 21.572504 234.953392 43.197731 52.596661 7.512746 43.197731 19.657038 7.565838 1.949410 52.596661 7.565838 121.807254 26.715558 7.512746 1.949410 26.715558 15.387847 299.831008 50.200549 -120.424090 -16.187548 50.200549 20.992488 -16.036734 -3.833214 -120.424090 -16.036734 174.114808 33.614758 -16.187548 -3.833214 33.614758 16.942771 167.394172 31.914324 -169.577357 -20.564887 31.914324 16.369626 -20.728115 -4.420591 -169.577357 -20.728115 535.106889 76.234948 -20.564887 -4.420591 76.234948 25.876006 110.580370 24.810940 82.390772 9.261643 24.810940 14.841388 8.940045 1.829625 82.390772 8.940045 819.491718 104.664356 9.261643 1.829625 104.664356 30.619711 375.304227 54.050700 401.801841 43.006405 54.050700 20.302868 44.340974 8.308853 401.801841 44.340974 689.979052 86.800584 43.006405 8.308853 86.800584 26.822634 752.510806 93.315797 408.741972 44.349527 93.315797 27.772103 43.735743 8.301696 408.741972 43.735743 357.619364 51.683024 44.349527 8.301696 51.683024 19.877032 879.652573 109.052960 99.836954 11.908486 109.052960 31.404245 11.011359 2.177755 99.836954 11.011359 113.935478 25.323774 11.908486 2.177755 25.323774 14.916621
647.608965 87.778837 -199.895344 -22.919257 87.778837 27.621766 -23.406641 -4.767477 -199.895344 -23.406641 174.250684 32.170990 -22.919257 -4.767477 32.170990 16.383041 241.065770 41.571902 -187.132477 -23.693221 41.571902 18.622260 -23.701440 -5.289494 -187.132477 -23.701440 351.384107 55.364109 -23.693221 -5.289494 55.364109 21.643284 103.042955 24.043303 19.256193 2.656396 24.043303 14.695689 2.614415 0.659151 19.256193 2.614415 295.074117 50.892262 2.656396 0.659151 50.892262 21.417641 234.915173 43.211916 52.863316 7.672300 43.211916 19.640634 7.673562 1.984622 52.863316 7.673562 122.019893 26.817967 7.672300 1.984622 26.817967 15.417993 297.814999 50.120496 -120.110941 -16.203625 50.120496 20.973097 -16.080165 -3.848846 -120.110941 -16.080165 174.480248 33.682304 -16.203625 -3.848846 33.682304 16.968595 167.907718 31.929636 -170.572430 -20.694438 31.929636 16.358352 -20.783651 -4.415572 -170.572430 -20.783651 536.831578 76.608900 -20.694438 -4.415572 76.608900 25.923803 111.260856 24.968868 84.918429 9.608755 24.968868 14.867301 9.830158 1.933083 84.918429 9.830158 813.062155 103.709321 9.608755 1.933083 103.709321 30.489323 369.442899 52.364372 403.402251 43.845512 52.364372 20.034352 43.226570 8.271059 403.402251 43.226570 707.679648 90.107814 43.845512 8.271059 90.107814 27.294440 746.574323 92.322670 414.181230 45.402343 92.322670 27.622875 44.095322 8.394731 414.181230 44.095322 366.916021 52.995521 45.402343 8.394731 52.995521 20.060962 880.832282 109.778883 97.381010 10.722966 109.778883 31.499574 10.647866 2.045194 97.381010 10.647866 113.294858 25.115618 10.722966 2.045194 25.115618 14.879919
654.759315 88.428582 -200.564044 -23.044607 88.428582 27.709431 -23.444268 -4.758220 -200.564044 -23.444268 173.790528 32.146087 -23.044607 -4.758220 32.146087 16.364112 243.311059 41.954153 -188.281487 -23.825704 41.954153 18.670404 -23.980065 -5.325260 -188.281487 -23.980065 350.464295 55.235350 -23.825704 -5.325260 55.235350 21.653576 103.029817 24.052593 18.933834 2.647158 24.052593 14.699558 2.645638 0.673354 18.933834 2.645638 289.881100 50.171501 2.647158 0.673354 50.171501 21.308418 233.909739 43.017281 53.380423 7.815962 43.017281 19.592183 7.766338 2.002393 53.380423 7.766338 122.591823 26.943520 7.815962 2.002393 26.943520 15.440026 299.940700 50.656413 -120.437929 -16.201128 50.656413 21.043940 -16.223199 -3.856879 -120.437929 -16.223199 174.092581 33.569502 -16.201128 -3.856879 33.569502 16.951607 164.534483 31.252118 -166.970124 -20.223655 31.252118 16.238837 -19.768010 -4.278901 -166.970124 -19.768010 540.872884 77.334209 -20.223655 -4.278901 77.334209 26.028439 112.452081 25.154776 90.010433 10.207916 25.154776 14.893583 10.791461 2.040277 90.010433 10.791461 816.845822 104.271717 10.207916 2.040277 104.271717 30.573431 365.274028 51.731269 405.013314 44.172954 51.731269 19.982491 43.035108 8.278286 405.013314 43.035108 722.158048 91.801122 44.172954 8.278286 91.801122 27.446908 748.367283 93.062137 413.387338 44.467450 93.062137 27.753348 44.158448 8.319884 413.387338 44.158448 365.162070 52.133917 44.467450 8.319884 52.133917 19.908068 895.583947 111.879275 92.216059 9.335071 111.879275 31.731741 10.067879 1.906490 92.216059 10.067879 111.838735 24.852121 9.335071 1.906490 24.852121 14.844945
655.249075 88.187745 -199.341121 -22.890816 88.187745 27.686688 -23.201612 -4.714157 -199.341121 -23.201612 172.843751 32.034946 -22.890816 -4.714157 32.034946 16.334644 246.703814 42.482644 -189.343358 -23.889010 42.482644 18.755800 -24.235370 -5.351950 -189.343358 -24.235370 347.410632 54.752240 -23.889010 -5.351950 54.752240 21.579639 102.704783 23.988824 17.396885 2.409352 23.988824 14.686414 2.290737 0.610489 17.396885 2.290737 293.742805 51.120428 2.409352 0.610489 51.120428 21.482006 229.294423 42.184055 53.857922 7.962217 42.184055 19.432015 7.817783 2.021537 53.857922 7.817783 123.770171 27.169534 7.962217 2.021537 27.169534 15.484101 300.229488 50.602712 -121.792042 -16.498997 50.602712 20.993446 -16.416637 -3.895879 -121.792042 -16.416637 175.634379 33.888240 -16.498997 -3.895879 33.888240 17.017576 162.531572 31.077797 -163.462467 -19.780936 31.077797 16.225962 -19.440356 -4.235671 -163.462467 -19.440356 536.307728 76.528733 -19.780936 -4.235671 76.528733 25.891051 113.215857 25.223452 93.024075 10.480641 25.223452 14.901433 11.032412 2.068760 93.024075 11.032412 817.181962 104.277977 10.480641 2.068760 104.277977 30.566449 365.858733 52.151861 406.863386 44.143970 52.151861 20.064682 43.582362 8.315058 406.863386 43.582362 726.443198 91.614713 44.143970 8.315058 91.614713 27.362782 746.140568 92.619674 415.784866 44.919586 92.619674 27.646937 44.338337 8.385070 415.784866 44.338337 369.155805 52.723538 44.919586 8.385070 52.723538 20.035270 903.715224 112.531403 93.001848 9.969920 112.531403 31.741464 10.275730 1.998788 93.001848 10.275730 111.907733 24.941404 9.969920 1.998788 24.941404 14.865629
657.644628 88.369113 -199.485754 -22.979677 88.369113 27.737369 -23.185614 -4.712826 -199.485754 -23.185614 172.638245 32.037643 -22.979677 -4.712826 32.037643 16.326688 256.222732 44.051984 -193.119064 -24.220452 44.051984 19.033577 -25.072766 -5.448809 -193.119064 -25.072766 341.641028 53.745772 -24.220452 -5.448809 53.745772 21.391363 102.588141 23.982393 16.919909 2.383243 23.982393 14.685502 2.289853 0.608004 16.919909 2.289853 297.624329 51.712047 2.383243 0.608004 51.712047 21.546919 224.687062 41.578888 51.558532 7.431607 41.578888 19.334048 7.401855 1.932050 51.558532 7.401855 122.647235 26.879179 7.431607 1.932050 26.879179 15.425796 299.879781 50.512083 -121.726457 -16.408361 50.512083 20.967470 -16.365853 -3.875282 -121.726457 -16.365853 175.683679 33.835337 -16.408361 -3.875282 33.835337 17.001970 159.839425 30.689451 -160.817803 -19.536136 30.689451 16.152808 -18.961013 -4.164782 -160.817803 -18.961013 541.676206 77.451941 -19.536136 -4.164782 77.451941 26.052698 115.090289 25.512622 99.451010 11.210220 25.512622 14.952552 12.230870 2.238330 99.451010 12.230870 809.860034 103.238600 11.210220 2.238330 103.238600 30.417555 365.038532 52.005528 408.781587 44.277513 52.005528 20.009819 43.675775 8.310296 408.781587 43.675775 734.318581 92.322779 44.277513 8.310296 92.322779 27.477803 745.952409 92.735702 415.594062 44.615016 92.735702 27.659361 44.374713 8.372608 415.594062 44.374713 368.986728 52.501900 44.615016 8.372608 52.501900 20.012956 905.335369 112.282642 97.955188 11.287177 112.282642 31.665675 10.881759 2.138801 97.955188 10.881759 113.063874 25.174581 11.287177 2.138801 25.174581 14.900307
657.158069 88.234200 -198.092875 -22.761461 88.234200 27.744268 -22.975831 -4.675269 -198.092875 -22.975831 171.704509 31.902052 -22.761461 -4.675269 31.902052 16.298823 265.699670 45.249726 -197.599959 -24.724368 45.249726 19.229398 -25.673496 -5.530544 -197.599959 -25.673496 338.421327 53.359331 -24.724368 -5.530544 53.359331 21.307222 102.326854 23.939336 15.452004 2.149980 23.939336 14.675373 2.005120 0.546321 15.452004 2.005120 301.081128 52.114117 2.149980 0.546321 52.114117 21.593375 218.963718 40.743401 51.177013 7.539428 40.743401 19.167431 7.420125 1.964748 51.177013 7.420125 123.365609 27.086928 7.539428 1.964748 27.086928 15.484069 291.058029 48.902086 -121.766884 -16.670892 48.902086 20.675824 -16.247757 -3.901907 -121.766884 -16.247757 179.219707 34.569707 -16.670892 -3.901907 34.569707 17.153877 162.053313 31.286816 -163.329356 -19.885061 31.286816 16.253503 -19.987199 -4.280745 -163.329356 -19.987199 539.043115 76.786816 -19.885061 -4.280745 76.786816 25.930990 115.735180 25.520683 101.158766 11.316030 25.520683 14.953163 12.032737 2.237136 101.158766 12.032737 801.914966 102.400648 11.316030 2.237136 102.400648 30.322275 365.263225 52.162076 408.744301 44.043289 52.162076 20.020582 43.831751 8.302793 408.744301 43.831751 733.665465 91.825496 44.043289 8.302793 91.825496 27.425229 748.417088 93.298451 412.781129 43.826166 93.298451 27.744769 44.223455 8.313544 412.781129 44.223455 364.367605 51.668821 43.826166 8.313544 51.668821 19.902544 904.656870 112.018446 96.172017 10.522195 112.018446 31.635449 10.555052 2.021743 96.172017 10.555052 112.641765 25.045977 10.522195 2.021743 25.045977 14.872057
662.679082 88.960886 -199.261313 -22.966962 88.960886 27.862525 -23.139979 -4.699253 -199.261313 -23.139979 171.837071 31.941731 -22.966962 -4.699253 31.941731 16.300830 265.383171 44.641123 -196.617641 -24.626980 44.641123 19.137734 -25.049886 -5.475248 -196.617641 -25.049886 336.506676 53.380116 -24.626980 -5.475248 53.380116 21.294986 102.082039 23.906123 13.607092 1.873982 23.906123 14.667850 1.728953 0.488606 13.607092 1.728953 296.129009 51.055380 1.873982 0.488606 51.055380 21.408345 217.254598 40.731540 51.395166 7.613968 40.731540 19.151230 7.521949 1.979427 51.395166 7.521949 123.880533 27.167299 7.613968 1.979427 27.167299 15.499657 284.612465 48.214185 -118.786009 -16.064387 48.214185 20.592366 -15.828384 -3.820053 -118.786009 -15.828384 178.036840 34.196401 -16.064387 -3.820053 34.196401 17.082199 162.392145 31.315495 -162.535026 -19.707177 31.315495 16.237353 -19.896306 -4.237613 -162.535026 -19.896306 532.368318 75.865689 -19.707177 -4.237613 75.865689 25.816365 116.216120 25.545423 102.246548 11.433062 25.545423 14.963993 11.967542 2.271876 102.246548 11.967542 794.243022 101.685432 11.433062 2.271876 101.685432 30.238651 374.391538 53.840692 411.774120 43.940705 53.840692 20.278293 45.091980 8.401256 411.774120 45.091980 721.655506 89.705475 43.940705 8.401256 89.705475 27.137026 755.611445 94.108591 415.269912 44.183770 94.108591 27.833395 44.579849 8.367454 415.269912 44.579849 364.620545 51.796656 44.183770 8.367454 51.796656 19.935600 900.108411 111.319184 99.069029 11.266623 111.319184 31.553732 10.895834 2.119663 99.069029 10.895834 113.415483 25.189430 11.266623 2.119663 25.189430 14.897472
675.580601 90.625795 -200.563911 -22.895242 90.625795 28.097376 -23.305762 -4.685149 -200.563911 -23.305762 171.156713 31.770351 -22.895242 -4.685149 31.770351 16.262359 259.440544 43.399415 -194.453236 -24.569810 43.399415 18.977950 -24.310095 -5.430851 -194.453236 -24.310095 340.011121 54.241808 -24.569810 -5.430851 54.241808 21.418777 102.094026 23.923593 13.616139 1.937465 23.923593 14.669687 1.894165 0.505303 13.616139 1.894165 293.746622 50.778724 1.937465 0.505303 50.778724 21.397032 220.153202 41.462060 50.070813 7.222851 41.462060 19.257767 7.320244 1.910250 50.070813 7.320244 122.207323 26.778040 7.222851 1.910250 26.778040 15.420677 286.009165 48.819982 -119.152773 -16.123987 48.819982 20.688523 -16.070965 -3.858876 -119.152773 -16.070965 177.925748 34.139726 -16.123987 -3.858876 34.139726 17.090991 162.805969 31.339558 -162.602799 -19.722099 31.339558 16.235801 -19.886819 -4.234675 -162.602799 -19.886819 529.820420 75.717082 -19.722099 -4.234675 75.717082 25.812642 117.047342 25.641239 105.703236 11.896869 25.641239 14.985398 12.355917 2.360095 105.703236 12.355917 803.200759 103.127189 11.896869 2.360095 103.127189 30.424060 375.015374 53.337985 414.207674 44.427053 53.337985 20.155056 44.716689 8.390427 414.207674 44.716689 727.560349 91.015272 44.427053 8.390427 91.015272 27.379076 766.333660 95.377362 417.363339 44.177808 95.377362 28.000998 44.881473 8.369609 417.363339 44.881473 362.994739 51.482902 44.177808 8.369609 51.482902 19.872905 908.989939 112.562272 96.832711 10.358680 112.562272 31.737198 10.580379 2.011331 96.832711 10.580379 112.738456 25.021657 10.358680 2.011331 25.021657 14.868162
681.763708 91.038281 -201.545479 -23.062999 91.038281 28.132923 -23.351680 -4.694840 -201.545479 -23.351680 171.089905 31.795517 -23.062999 -4.694840 31.795517 16.264649 262.128066 44.274082 -193.107586 -24.208030 44.274082 19.205151 -24.525274 -5.447992 -193.107586 -24.525274 332.780455 52.770276 -24.208030 -5.447992 52.770276 21.122933 101.927229 23.891047 12.418314 1.734615 23.891047 14.660779 1.635090 0.443416 12.418314 1.635090 295.199420 51.192017 1.734615 0.443416 51.192017 21.482918 219.993355 41.290278 50.149329 7.351751 41.290278 19.176809 7.374905 1.932225 50.149329 7.374905 122.291620 26.884465 7.351751 1.932225 26.884465 15.453273 287.674910 49.200481 -117.993300 -15.841544 49.200481 20.718661 -15.975101 -3.820947 -117.993300 -15.975101 175.768175 33.744537 -15.841544 -3.820947 33.744537 17.030503 161.822645 31.114892 -161.346148 -19.586681 31.114892 16.198700 -19.523389 -4.193386 -161.346148 -19.523389 530.061623 75.972466 -19.586681 -4.193386 75.972466 25.853186 116.996367 25.569090 106.607787 11.989410 25.569090 14.975794 12.053890 2.345345 106.607787 12.053890 817.535789 104.911606 11.989410 2.345345 104.911606 30.619989 373.687526 52.862718 415.581621 44.698359 52.862718 20.095104 44.430655 8.389357 415.581621 44.430655 734.793440 92.090184 44.698359 8.389357 92.090184 27.514031 785.598945 97.723986 419.845629 43.881661 97.723986 28.320241 45.280339 8.343516 419.845629 45.280339 358.665515 50.660212 43.881661 8.343516 50.660212 19.722735 917.910098 113.509240 96.585192 10.344955 113.509240 31.845386 10.578528 2.023234 96.585192 10.578528 112.551935 25.006644 10.344955 2.023234 25.006644 14.869552
681.223580 90.554870 -203.162473 -23.515853 90.554870 28.064279 -23.448089 -4.736994 -203.162473 -23.448089 172.283601 32.045707 -23.515853 -4.736994 32.045707 16.302131 263.231986 44.405696 -193.444460 -24.382160 44.405696 19.216531 -24.592546 -5.471995 -193.444460 -24.592546 331.985053 52.868136 -24.382160 -5.471995 52.868136 21.163328 101.718472 23.857461 10.590632 1.450030 23.857461 14.653608 1.309196 0.379208 10.590632 1.309196 292.762544 50.765071 1.450030 0.379208 50.765071 21.395241 221.260380 41.524450 48.134537 6.885103 41.524450 19.223449 7.022774 1.838728 48.134537 7.022774 120.427847 26.512695 6.885103 1.838728 26.512695 15.369609 286.957470 48.968108 -117.727573 -15.916209 48.968108 20.645564 -15.946722 -3.824861 -117.727573 -15.946722 175.715662 33.866637 -15.916209 -3.824861 33.866637 17.064445 160.433128 30.884199 -160.081530 -19.475041 30.884199 16.165428 -19.221692 -4.161277 -160.081530 -19.221692 533.261742 76.529580 -19.475041 -4.161277 76.529580 25.923467 117.341400 25.619136 108.454095 12.201565 25.619136 14.988613 12.290179 2.392190 108.454095 12.290179 826.732253 105.649020 12.201565 2.392190 105.649020 30.663592 378.759212 53.804253 418.618582 44.794845 53.804253 20.269619 45.230355 8.468787 418.618582 45.230355 732.344861 91.285419 44.794845 8.468787 91.285419 27.353744 804.062589 99.613751 420.826671 43.573715 99.613751 28.566880 45.352315 8.299215 420.826671 45.352315 353.075907 49.849259 43.573715 8.299215 49.849259 19.583937 921.711548 113.686655 96.989640 10.535358 113.686655 31.854134 10.634047 2.044816 96.989640 10.634047 112.594125 25.033357 10.535358 2.044816 25.033357 14.874475
685.522217 91.018567 -205.043549 -23.678431 91.018567 28.154666 -23.618656 -4.751302 -205.043549 -23.618656 173.073463 32.105400 -23.678431 -4.751302 32.105400 16.301008 261.609791 44.070455 -192.056585 -24.273181 44.070455 19.160053 -24.309199 -5.439324 -192.056585 -24.309199 330.979042 52.878129 -24.273181 -5.439324 52.878129 21.165521 101.801519 23.886530 11.285687 1.632730 23.886530 14.658721 1.628348 0.426468 11.285687 1.628348 291.394435 50.608053 1.632730 0.426468 50.608053 21.368599 219.278230 41.078186 46.912698 6.790511 41.078186 19.138866 6.859990 1.816859 46.912698 6.859990 119.760436 26.481393 6.790511 1.816859 26.481393 15.365003 286.556388 48.818330 -119.726888 -16.387685 48.818330 20.607970 -16.235876 -3.884465 -119.726888 -16.235876 178.440343 34.416037 -16.387685 -3.884465 34.416037 17.156672 158.932400 30.683771 -158.658199 -19.324846 30.683771 16.133934 -18.977492 -4.126305 -158.658199 -18.977492 536.631543 76.959465 -19.324846 -4.126305 76.959465 25.971539 115.462271 25.263151 102.549299 11.419409 25.263151 14.931680 10.687347 2.194988 102.549299 10.687347 835.142173 106.395864 11.419409 2.194988 106.395864 30.751542 384.520227 54.804580 417.670374 44.337691 54.804580 20.437619 45.608250 8.483392 417.670374 45.608250 716.725175 88.976441 44.337691 8.483392 88.976441 27.036195 815.701405 100.477004 418.582229 43.126034 100.477004 28.697318 44.939717 8.223226 418.582229 44.939717 346.336688 49.062710 43.126034 8.223226 49.062710 19.450372 919.045078 113.058826 102.977008 12.008431 113.058826 31.769975 11.341956 2.216542 102.977008 11.341956 114.098326 25.311897 12.008431 2.216542 25.311897 14.918970
682.354139 90.479763 -203.992145 -23.438038 90.479763 28.098460 -23.411146 -4.721997 -203.992145 -23.411146 172.725441 32.014588 -23.438038 -4.721997 32.014588 16.287353 256.939493 43.287054 -189.631373 -24.083262 43.287054 19.034697 -23.825731 -5.386505 -189.631373 -23.825731 331.932978 53.211163 -24.083262 -5.386505 53.211163 21.222333 101.955176 23.915963 12.470937 1.820322 23.915963 14.662725 1.893169 0.455766 12.470937 1.893169 290.044651 50.448535 1.820322 0.455766 50.448535 21.336626 216.344421 40.579842 47.165959 6.997521 40.579842 19.059215 6.951549 1.841356 47.165959 6.951549 120.443822 26.683750 6.997521 1.841356 26.683750 15.397591 287.776857 49.022067 -121.745291 -16.641506 49.022067 20.639876 -16.498263 -3.915030 -121.745291 -16.498263 180.543075 34.666474 -16.641506 -3.915030 34.666474 17.183277 158.968807 30.777650 -159.334826 -19.431830 30.777650 16.146742 -19.241003 -4.150241 -159.334826 -19.241003 540.072311 77.274587 -19.431830 -4.150241 77.274587 26.003907 115.412115 25.352246 101.998793 11.422739 25.352246 14.952683 11.159316 2.262221 101.998793 11.159316 829.645803 105.240469 11.422739 2.262221 105.240469 30.596497 386.207887 54.787267 415.839696 44.208171 54.787267 20.433462 45.218562 8.461528 415.839696 45.218562 707.716719 88.272908 44.208171 8.461528 88.272908 26.981368 821.410921 100.556564 417.068883 43.219121 100.556564 28.742151 44.552107 8.198814 417.068883 44.552107 342.637110 48.875470 43.219121 8.198814 48.875470 19.402952 922.839547 113.531801 103.908329 11.663857 113.531801 31.852335 11.345979 2.166159 103.908329 11.345979 114.270432 25.261730 11.663857 2.166159 25.261730 14.904512
671.023312 89.004210 -201.004971 -23.127673 89.004210 27.924631 -23.014292 -4.691017 -201.004971 -23.014292 172.026165 31.948590 -23.127673 -4.691017 31.948590 16.287115 258.154322 43.744597 -190.027111 -24.129199 43.744597 19.129829 -24.127748 -5.417889 -190.027111 -24.127748 331.100109 52.958698 -24.129199 -5.417889 52.958698 21.157459 102.122913 23.941565 13.454159 1.939564 23.941565 14.666936 2.048387 0.476281 13.454159 2.048387 283.749332 49.421459 1.939564 0.476281 49.421459 21.150864 212.586914 40.018622 47.497350 7.112221 40.018622 18.960948 7.005139 1.848342 47.497350 7.005139 121.376964 26.854885 7.112221 1.848342 26.854885 15.421683 287.303338 48.901398 -122.077456 -16.570518 48.901398 20.609634 -16.470818 -3.903473 -122.077456 -16.470818 181.179262 34.654784 -16.570518 -3.903473 34.654784 17.181022 161.221635 31.188575 -163.492550 -19.951633 31.188575 16.204275 -20.063341 -4.242751 -163.492550 -20.063341 545.960731 77.870565 -19.951633 -4.242751 77.870565 26.078088 114.522318 25.223551 98.622660 11.021586 25.223551 14.927575 10.577486 2.171224 98.622660 10.577486 827.483407 104.968915 11.021586 2.171224 104.968915 30.607529 379.263301 53.322864 412.190704 44.282300 53.322864 20.222803 43.951379 8.385576 412.190704 43.951379 712.011706 89.682852 44.282300 8.385576 89.682852 27.208475 818.251436 99.602221 416.541140 43.791267 99.602221 28.661585 44.211819 8.219241 416.541140 44.211819 343.087606 49.328475 43.791267 8.219241 49.328475 19.448488 925.442941 113.756000 105.983254 11.883073 113.756000 31.883027 11.554097 2.210293 105.983254 11.554097 114.757134 25.313446 11.883073 2.210293 25.313446 14.915263
669.805593 89.211957 -199.730793 -22.914380 89.211957 27.994024 -22.956846 -4.680153 -199.730793 -22.956846 171.280143 31.827542 -22.914380 -4.680153 31.827542 16.270832 256.808064 43.461510 -190.530962 -24.295932 43.461510 19.054291 -24.109315 -5.416723 -190.530962 -24.109315 334.321777 53.559992 -24.295932 -5.416723 53.559992 21.266782 102.123932 23.929359 13.518858 1.909134 23.929359 14.664461 1.945640 0.464450 13.518858 1.945640 285.125139 49.933432 1.909134 0.464450 49.933432 21.249712 214.857771 40.678315 47.493930 7.000999 40.678315 19.085164 7.012814 1.828996 47.493930 7.012814 120.967981 26.694105 7.000999 1.828996 26.694105 15.382934 286.196045 48.741893 -120.944388 -16.286007 48.741893 20.584712 -16.276656 -3.871017 -120.944388 -16.276656 180.170633 34.409898 -16.286007 -3.871017 34.409898 17.148898 164.447611 31.727906 -166.405597 -20.166594 31.727906 16.289137 -20.743035 -4.311178 -166.405597 -20.743035 538.505774 76.451994 -20.166594 -4.311178 76.451994 25.855744 115.457330 25.446477 101.615888 11.445584 25.446477 14.962847 11.668553 2.295557 101.615888 11.668553 821.977328 104.270517 11.445584 2.295557 104.270517 30.543853 377.273257 53.311757 409.939705 44.097908 53.311757 20.274802 43.902844 8.394656 409.939705 43.902844 709.698736 89.359424 44.097908 8.394656 89.359424 27.119808 806.601596 97.920492 415.046432 44.215536 97.920492 28.498568 43.795661 8.229882 415.046432 43.795661 345.319274 49.907284 44.215536 8.229882 49.907284 19.516235 927.304234 113.953365 103.153745 10.972057 113.953365 31.917439 11.178292 2.116141 103.153745 11.178292 114.011026 25.147304 10.972057 2.116141 25.147304 14.890720
667.910075 89.165658 -198.342997 -22.770442 89.165658 27.992526 -22.860172 -4.668873 -198.342997 -22.860172 170.539938 31.748963 -22.770442 -4.668873 31.748963 16.263146 263.204831 44.731529 -192.696663 -24.359840 44.731529 19.277307 -24.764746 -5.469563 -192.696663 -24.764746 330.258631 52.587976 -24.359840 -5.469563 52.587976 21.072943 102.444340 23.993969 15.435796 2.240131 23.993969 14.679199 2.379563 0.552236 15.435796 2.379563 283.070863 49.583400 2.240131 0.552236 49.583400 21.157458 217.568139 41.126744 48.030090 7.081328 41.126744 19.132987 7.113410 1.847098 48.030090 7.113410 120.943721 26.691895 7.081328 1.847098 26.691895 15.389701 289.302182 49.459974 -117.551085 -15.493018 49.459974 20.732485 -15.873873 -3.772989 -117.551085 -15.873873 174.585068 33.363268 -15.493018 -3.772989 33.363268 16.967358 164.272872 31.483823 -166.086966 -20.057144 31.483823 16.236519 -20.264832 -4.254686 -166.086966 -20.264832 538.005341 76.597884 -20.057144 -4.254686 76.597884 25.916253 116.877462 25.674568 106.109274 11.961420 25.674568 14.994411 12.616422 2.395163 106.109274 12.616422 816.242750 103.679487 11.961420 2.395163 103.679487 30.490989 375.703153 53.259498 408.318172 43.996299 53.259498 20.276839 43.844336 8.388157 408.318172 43.844336 708.342211 89.237614 43.996299 8.388157 89.237614 27.096012 803.443033 97.837733 415.560577 44.315431 97.837733 28.546042 43.886399 8.243010 415.560577 43.886399 347.020001 50.049866 44.315431 8.243010 50.049866 19.515562 922.718767 113.272489 104.169755 11.450151 113.272489 31.833185 11.347049 2.192745 104.169755 11.347049 114.338651 25.239126 11.450151 2.192745 25.239126 14.911162
665.805466 89.029706 -196.732795 -22.593261 89.029706 27.970648 -22.717976 -4.645177 -196.732795 -22.717976 169.672033 31.654242 -22.593261 -4.645177 31.654242 16.249325 263.447196 44.514067 -191.801308 -24.211688 44.514067 19.211236 -24.462554 -5.424920 -191.801308 -24.462554 327.776008 52.361066 -24.211688 -5.424920 52.361066 21.059754 102.218798 23.929990 14.091000 1.946188 23.929990 14.665997 1.910524 0.474865 14.091000 1.910524 284.233802 49.868888 1.946188 0.474865 49.868888 21.198470 218.989464 41.234279 48.348509 7.119787 41.234279 19.133428 7.143298 1.851302 48.348509 7.143298 120.964110 26.702062 7.119787 1.851302 26.702062 15.393100 298.350265 50.894430 -118.914337 -15.791065 50.894430 20.969700 -16.236758 -3.832883 -118.914337 -16.236758 172.840730 33.241794 -15.791065 -3.832883 33.241794 16.955028 163.133936 31.224996 -164.569360 -19.870642 31.224996 16.207569 -19.814875 -4.221863 -164.569360 -19.814875 537.937519 76.724536 -19.870642 -4.221863 76.724536 25.942606 116.219235 25.465702 103.935010 11.606135 25.465702 14.954592 11.615512 2.268418 103.935010 11.615512 817.119981 104.112485 11.606135 2.268418 104.112485 30.570674 375.907779 53.286658 410.742963 44.413444 53.286658 20.263050 44.109290 8.420283 410.742963 44.109290 715.118186 90.196628 44.413444 8.420283 90.196628 27.222908 792.814267 96.517101 416.675220 44.924894 96.517101 28.366254 43.887538 8.305043 416.675220 43.887538 352.141895 50.895052 44.924894 8.305043 50.895052 19.656871 920.598805 113.129656 101.547800 10.815187 113.129656 31.838947 11.036397 2.115924 101.547800 11.036397 113.714601 25.123034 10.815187 2.115924 25.123034 14.891914
676.718383 90.748429 -194.506195 -21.870148 90.748429 28.214492 -22.539617 -4.552019 -194.506195 -22.539617 166.863306 31.147819 -21.870148 -4.552019 31.147819 16.158681 262.239907 44.156124 -191.581374 -24.287107 44.156124 19.158059 -24.280205 -5.420576 -191.581374 -24.280205 328.949311 52.738188 -24.287107 -5.420576 52.738188 21.123428 102.154920 23.925064 13.781103 1.932603 23.925064 14.667644 1.892970 0.487682 13.781103 1.892970 286.658930 50.256360 1.932603 0.487682 50.256360 21.248519 224.208226 42.092236 50.067664 7.405882 42.092236 19.296957 7.435506 1.902993 50.067664 7.435506 121.497912 26.795440 7.405882 1.902993 26.795440 15.408016 301.542445 51.016045 -119.730714 -16.036671 51.016045 20.973460 -16.284513 -3.841762 -119.730714 -16.284513 172.663270 33.379857 -16.036671 -3.841762 33.379857 16.962575 161.962767 31.088424 -162.207930 -19.596951 31.088424 16.202579 -19.511522 -4.199558 -162.207930 -19.511522 533.656157 76.156126 -19.596951 -4.199558 76.156126 25.858775 115.154347 25.276794 100.520644 11.209088 25.276794 14.930236 10.777634 2.186593 100.520644 10.777634 821.730268 104.841157 11.209088 2.186593 104.841157 30.658714 370.355312 52.180061 412.292413 44.859892 52.180061 20.061660 43.586493 8.376477 412.292413 43.586493 732.536520 92.647914 44.859892 8.376477 92.647914 27.563883 795.088106 97.431669 416.021042 44.253466 97.431669 28.513238 44.063302 8.264624 416.021042 44.063302 350.533586 50.266271 44.253466 8.264624 50.266271 19.552767 910.373642 111.929713 102.365154 11.330361 111.929713 31.697989 11.182974 2.182266 102.365154 11.182974 114.079535 25.224637 11.330361 2.182266 25.224637 14.910684
678.816241 90.672030 -195.467730 -22.425757 90.672030 28.158006 -22.665934 -4.608286 -195.467730 -22.665934 167.270727 31.387220 -22.425757 -4.608286 31.387220 16.202191 255.505733 42.927265 -189.833653 -24.258240 42.927265 18.959632 -23.710896 -5.373252 -189.833653 -23.710896 334.593778 53.831003 -24.258240 -5.373252 53.831003 21.306868 101.782108 23.856584 11.010889 1.473257 23.856584 14.654648 1.281840 0.381497 11.010889 1.281840 289.169982 50.587439 1.473257 0.381497 50.587439 21.295243 224.172449 41.831565 49.878124 7.294083 41.831565 19.245569 7.313885 1.877050 49.878124 7.313885 121.349790 26.743704 7.294083 1.877050 26.743704 15.395333 296.653515 49.930209 -118.151096 -15.896235 49.930209 20.813429 -15.896148 -3.788434 -118.151096 -15.896148 172.532227 33.454469 -15.896235 -3.788434 33.454469 16.954134 163.266235 31.356238 -165.113643 -20.082786 31.356238 16.250115 -20.106399 -4.289763 -165.113643 -20.106399 539.887845 77.134885 -20.082786 -4.289763 77.134885 26.001662 115.524192 25.409056 101.519967 11.409279 25.409056 14.958021 11.419401 2.278404 101.519967 11.419401 817.187189 104.119429 11.409279 2.278404 104.119429 30.538509 365.081543 51.572095 411.199106 44.649748 51.572095 19.969383 43.317053 8.327425 411.199106 43.317053 741.732295 93.396500 44.649748 8.327425 93.396500 27.638829 777.774653 94.880979 416.938640 45.298646 94.880979 28.107271 43.882722 8.363774 416.938640 43.882722 358.054222 51.747911 45.298646 8.363774 51.747911 19.828096 913.191149 112.574044 102.752971 11.302648 112.574044 31.800406 11.241108 2.173679 102.752971 11.241108 114.132098 25.218112 11.302648 2.173679 25.218112 14.906837
679.201461 90.441519 -198.414963 -23.161857 90.441519 28.112649 -22.972318 -4.673539 -198.414963 -22.972318 169.235367 31.769593 -23.161857 -4.673539 31.769593 16.251879 254.517353 43.110665 -189.301742 -24.116465 43.110665 19.021043 -23.856201 -5.381918 -189.301742 -23.856201 334.760181 53.559959 -24.116465 -5.381918 53.559959 21.233450 101.712067 23.862709 10.485724 1.479332 23.862709 14.656033 1.374474 0.396683 10.485724 1.374474 290.597637 50.690680 1.479332 0.396683 50.690680 21.310216 223.999725 41.744417 49.420680 7.186643 41.744417 19.258507 7.214429 1.864406 49.420680 7.214429 121.008680 26.674466 7.186643 1.864406 26.674466 15.382970 288.524797 48.580487 -118.648160 -16.285964 48.580487 20.620029 -15.894631 -3.833236 -118.648160 -15.894631 176.274092 34.222469 -16.285964 -3.833236 34.222469 17.087949 161.428781 30.950683 -164.207192 -19.957042 30.950683 16.169115 -19.580810 -4.211119 -164.207192 -19.580810 548.331174 78.334362 -19.957042 -4.211119 78.334362 26.171010 115.330343 25.375294 100.699814 11.310996 25.375294 14.949207 11.254559 2.246231 100.699814 11.254559 815.255948 103.944828 11.310996 2.246231 103.944828 30.521713 370.267681 52.866826 414.109171 44.536783 52.866826 20.162855 44.570790 8.412399 414.109171 44.570790 738.319523 92.053577 44.536783 8.412399 92.053577 27.427191 754.525295 92.084367 416.267482 45.792137 92.084367 27.727274 43.610599 8.404100 416.267482 43.610599 366.343561 53.024981 45.792137 8.404100 53.024981 20.039233 914.487654 112.853705 99.964387 10.596346 112.853705 31.830464 10.902282 2.087228 99.964387 10.902282 113.416943 25.084021 10.596346 2.087228 25.084021 14.885072
673.915291 89.640979 -198.557711 -23.154443 89.640979 28.013229 -22.884755 -4.653166 -198.557711 -22.884755 169.961524 31.832993 -23.154443 -4.653166 31.832993 16.249969 253.595758 42.980748 -191.436726 -24.513118 42.980748 18.965329 -24.125503 -5.424081 -191.436726 -24.125503 341.508217 54.600583 -24.513118 -5.424081 54.600583 21.425581 101.846269 23.897673 11.776236 1.734308 23.897673 14.660776 1.757108 0.444358 11.776236 1.757108 295.315521 51.410480 1.734308 0.444358 51.410480 21.444452 222.773720 41.510855 49.794402 7.327225 41.510855 19.234474 7.292144 1.894649 49.794402 7.292144 121.514953 26.801758 7.327225 1.894649 26.801758 15.411534 281.583415 47.747605 -118.655051 -16.339703 47.747605 20.505480 -15.881921 -3.841026 -118.655051 -15.881921 179.162955 34.612306 -16.339703 -3.841026 34.612306 17.150113 162.659785 31.303297 -164.945097 -19.984598 31.303297 16.238667 -20.085679 -4.268576 -164.945097 -20.085679 543.327842 77.193736 -19.984598 -4.268576 77.193736 25.969705 114.687826 25.263711 98.586055 11.059320 25.263711 14.929576 10.764589 2.179463 98.586055 10.764589 818.050454 104.409123 11.059320 2.179463 104.409123 30.587261 371.948846 53.117599 413.009824 44.180743 53.117599 20.163888 44.595854 8.381360 413.009824 44.595854 730.996837 90.959461 44.180743 8.381360 90.959461 27.330223 749.885997 92.317788 419.155608 45.793638 92.317788 27.763870 44.209821 8.449346 419.155608 44.209821 371.951502 53.334933 45.793638 8.449346 53.334933 20.079109 925.759886 114.259311 98.117458 10.240177 114.259311 31.992713 10.725896 2.046645 98.117458 10.725896 112.805276 25.000842 10.240177 2.046645 25.000842 14.873451
669.498088 88.981345 -203.928868 -24.318069 88.981345 27.919267 -23.496124 -4.802620 -203.928868 -23.496124 174.304762 32.549785 -24.318069 -4.802620 32.549785 16.370133 250.667446 42.526596 -191.034129 -24.402482 42.526596 18.864195 -23.964093 -5.388734 -191.034129 -23.964093 345.187741 54.995305 -24.402482 -5.388734 54.995305 21.498376 101.860172 23.893625 11.949829 1.712149 23.893625 14.657561 1.721468 0.419939 11.949829 1.721468 296.943818 51.483426 1.712149 0.419939 51.483426 21.456556 222.000961 41.435513 49.994532 7.360927 41.435513 19.234308 7.322892 1.901066 49.994532 7.322892 121.809496 26.841213 7.360927 1.901066 26.841213 15.416940 286.005164 48.977559 -119.629577 -16.228733 48.977559 20.716688 -16.196141 -3.856131 -119.629577 -16.196141 178.549773 34.223846 -16.228733 -3.856131 34.223846 17.076773 163.764252 31.516436 -164.439498 -19.848432 31.516436 16.270246 -20.206343 -4.271640 -164.439498 -20.206343 532.868129 75.668237 -19.848432 -4.271640 75.668237 25.771008 114.219271 25.204299 97.569339 10.969566 25.204299 14.919899 10.585014 2.153570 97.569339 10.585014 828.472343 105.716151 10.969566 2.153570 105.716151 30.746734 375.985786 53.649423 414.363689 44.233755 53.649423 20.232107 44.937958 8.414195 414.363689 44.937958 725.816100 90.348287 44.233755 8.414195 90.348287 27.277067 763.890913 95.236798 416.941932 44.014566 95.236798 28.155190 44.631002 8.339642 416.941932 44.631002 363.451065 51.280683 44.014566 8.339642 51.280683 19.774817 931.028296 114.623847 97.361442 10.311340 114.623847 32.007561 10.665276 2.046213 97.361442 10.665276 112.552701 24.997966 10.311340 2.046213 24.997966 14.873058
671.450011 89.601217 -202.199532 -23.324955 89.601217 28.033290 -23.250032 -4.691142 -202.199532 -23.250032 172.820947 32.027980 -23.324955 -4.691142 32.027980 16.274111 250.672187 42.737144 -190.064131 -24.096738 42.737144 18.895983 -24.007816 -5.370825 -190.064131 -24.007816 342.705124 54.318270 -24.096738 -5.370825 54.318270 21.397307 101.814039 23.881164 11.537725 1.614685 23.881164 14.654830 1.594713 0.396666 11.537725 1.594713 295.917520 51.185432 1.614685 0.396666 51.185432 21.421370 218.133955 40.738274 51.128767 7.663092 40.738274 19.098480 7.507218 1.955526 51.128767 7.507218 123.484817 27.179829 7.663092 1.955526 27.179829 15.489457 290.254218 49.717462 -118.314803 -15.783970 49.717462 20.793079 -16.052318 -3.803295 -118.314803 -16.052318 175.161055 33.555039 -15.783970 -3.803295 33.555039 16.980342 162.379906 31.137626 -163.415376 -19.784227 31.137626 16.195550 -19.670090 -4.211793 -163.415376 -19.670090 537.144563 76.730921 -19.784227 -4.211793 76.730921 25.974637 114.837396 25.358604 99.553513 11.226305 25.358604 14.944980 11.346254 2.237262 99.553513 11.346254 824.240038 104.844637 11.226305 2.237262 104.844637 30.605129 373.701743 53.102047 410.798488 43.916203 53.102047 20.153157 44.211893 8.351407 410.798488 44.211893 720.254955 90.021510 43.916203 8.351407 90.021510 27.265125 773.662558 96.270224 417.594625 43.979823 96.270224 28.195132 44.834588 8.362110 417.594625 44.834588 360.433393 50.986871 43.979823 8.362110 50.986871 19.788969 933.451922 114.633813 98.341773 10.712193 114.633813 31.995087 10.782678 2.076972 98.341773 10.782678 112.750142 25.058802 10.712193 2.076972 25.058802 14.880160
669.746861 89.417262 -200.364387 -22.961633 89.417262 27.992753 -23.049426 -4.674848 -200.364387 -23.049426 171.734522 31.851271 -22.961633 -4.674848 31.851271 16.267373 251.904521 43.038481 -189.114929 -23.871160 43.038481 18.934227 -24.043134 -5.361390 -189.114929 -24.043134 338.343208 53.598636 -23.871160 -5.361390 53.598636 21.312735 102.148423 23.952498 13.943934 2.038337 23.952498 14.669834 2.190905 0.503441 13.943934 2.190905 293.239938 50.731115 2.038337 0.503441 50.731115 21.366069 218.247536 40.962685 51.215611 7.558071 40.962685 19.147746 7.502270 1.942239 51.215611 7.502270 123.529866 27.088762 7.558071 1.942239 27.088762 15.467696 294.642225 50.234234 -118.646622 -15.869310 50.234234 20.846387 -16.134862 -3.820122 -118.646622 -16.134862 173.878640 33.466196 -15.869310 -3.820122 33.466196 16.982186 161.337925 31.051694 -160.482884 -19.405028 31.051694 16.198610 -19.380075 -4.180659 -160.482884 -19.380075 528.900346 75.554769 -19.405028 -4.180659 75.554769 25.785844 114.234842 25.223787 97.565549 10.932060 25.223787 14.917289 10.709387 2.140611 97.565549 10.709387 827.578454 105.284849 10.932060 2.140611 105.284849 30.679151 370.894332 52.651836 408.114806 43.791377 52.651836 20.110371 43.739563 8.327290 408.114806 43.739563 718.552751 90.146186 43.791377 8.327290 90.146186 27.288737 781.899982 97.074971 415.473956 43.477082 97.074971 28.275284 44.646764 8.301961 415.473956 44.646764 354.696846 50.271154 43.477082 8.301961 50.271154 19.688244 937.257958 114.978709 94.447566 9.748258 114.978709 32.049169 10.273266 1.942357 94.447566 10.273266 111.800574 24.885430 9.748258 1.942357 24.885430 14.848825
660.931979 87.979691 -206.129718 -24.656013 87.979691 27.756852 -23.760090 -4.898422 -206.129718 -23.760090 177.043062 32.912171 -24.656013 -4.898422 32.912171 16.462208 255.646239 43.638504 -190.601859 -24.070571 43.638504 19.025282 -24.402288 -5.408563 -190.601859 -24.402288 336.251391 53.372829 -24.070571 -5.408563 53.372829 21.292010 102.222917 23.948486 14.710346 2.094819 23.948486 14.667503 2.169098 0.497296 14.710346 2.169098 299.402503 51.930351 2.094819 0.497296 51.930351 21.594414 217.180520 40.782570 52.002305 7.724312 40.782570 19.087965 7.637925 1.982449 52.002305 7.637925 124.436567 27.259239 7.724312 1.982449 27.259239 15.514694 296.431579 50.301786 -117.940839 -15.762530 50.301786 20.859366 -15.990153 -3.790331 -117.940839 -15.990153 172.355735 33.293453 -15.762530 -3.790331 33.293453 16.941079 162.458159 31.300899 -162.100974 -19.716551 31.300899 16.243556 -19.836171 -4.248578 -162.100974 -19.836171 529.597079 75.838074 -19.716551 -4.248578 75.838074 25.830236 114.236957 25.250944 97.269614 10.904813 25.250944 14.923376 10.848167 2.157818 97.269614 10.848167 823.022391 104.603175 10.904813 2.157818 104.603175 30.592229 375.123708 53.585527 408.717425 43.762509 53.585527 20.284643 44.407137 8.394217 408.717425 44.407137 710.825039 89.004569 43.762509 8.394217 89.004569 27.098742 784.648560 97.057421 412.493999 43.218931 97.057421 28.275452 44.235919 8.249257 412.493999 44.235919 350.067278 49.881878 43.218931 8.249257 49.881878 19.624044 932.989500 114.278027 93.345829 9.889597 114.278027 31.967987 10.175223 1.955217 93.345829 10.175223 111.605531 24.899384 9.889597 1.955217 24.899384 14.852433
658.862067 87.899297 -210.907577 -25.234606 87.899297 27.753078 -24.304500 -4.971282 -210.907577 -24.304500 180.890313 33.352165 -25.234606 -4.971282 33.352165 16.519119 254.278670 43.146637 -190.885518 -24.239145 43.146637 18.925455 -24.193019 -5.397341 -190.885518 -24.193019 339.057450 54.078820 -24.239145 -5.397341 54.078820 21.416328 102.354439 23.967439 15.597294 2.207248 23.967439 14.672623 2.288303 0.529752 15.597294 2.288303 300.000884 51.829021 2.207248 0.529752 51.829021 21.551801 219.548249 41.298683 51.655629 7.531093 41.298683 19.177222 7.570654 1.955987 51.655629 7.570654 123.668721 27.043290 7.531093 1.955987 27.043290 15.473437 295.433761 49.876380 -120.467495 -16.444196 49.876380 20.792319 -16.302764 -3.877123 -120.467495 -16.302764 175.830020 34.063040 -16.444196 -3.877123 34.063040 17.071866 164.250293 31.630412 -163.274039 -19.848696 31.630412 16.298728 -20.223139 -4.290890 -163.274039 -20.223139 523.491242 74.960978 -19.848696 -4.290890 74.960978 25.681000 114.441652 25.296660 97.749885 10.971162 25.296660 14.930136 11.057216 2.179776 97.749885 11.057216 818.949986 104.147583 10.971162 2.179776 104.147583 30.549377 379.077828 54.208511 408.317691 43.661101 54.208511 20.381019 44.638146 8.409475 408.317691 44.638146 700.975879 87.850589 43.661101 8.409475 87.850589 26.938446 780.593446 96.067626 412.572631 43.893401 96.067626 28.153703 44.027081 8.284015 412.572631 44.027081 351.650785 50.525428 43.893401 8.284015 50.525428 19.707471 932.284744 114.212598 93.660732 10.154326 114.212598 31.982434 10.231764 1.973880 93.660732 10.231764 111.685042 24.936255 10.154326 1.973880 24.936255 14.856246
656.206945 87.848610 -209.210806 -24.358642 87.848610 27.748176 -24.056068 -4.883577 -209.210806 -24.056068 179.985440 32.935871 -24.358642 -4.883577 32.935871 16.451251 254.824883 43.194986 -193.046771 -24.580436 43.194986 18.946577 -24.439178 -5.440883 -193.046771 -24.439178 343.607669 54.738902 -24.580436 -5.440883 54.738902 21.492535 102.245224 23.936939 14.912073 2.058012 23.936939 14.667538 2.042239 0.498525 14.912073 2.042239 300.767842 51.873056 2.058012 0.498525 51.873056 21.566204 219.593504 41.210122 50.857886 7.382490 41.210122 19.142170 7.435475 1.935773 50.857886 7.435475 122.966024 26.937109 7.382490 1.935773 26.937109 15.462651 292.848967 49.480175 -119.849581 -16.235013 49.480175 20.758067 -16.118619 -3.831991 -119.849581 -16.118619 176.054632 33.971341 -16.235013 -3.831991 33.971341 17.028901 165.657378 31.823135 -163.410611 -19.835600 31.823135 16.331042 -20.301861 -4.299564 -163.410611 -20.301861 514.971280 73.895581 -19.835600 -4.299564 73.895581 25.520547 114.223443 25.252678 96.503320 10.809951 25.252678 14.921979 10.803376 2.145092 96.503320 10.803376 812.411773 103.473618 10.809951 2.145092 103.473618 30.479323 382.516689 54.449109 410.900246 44.117539 54.449109 20.406615 44.802601 8.445939 410.900246 44.802601 701.159273 88.253098 44.117539 8.445939 88.253098 26.988824 776.280193 95.606679 409.813884 43.585551 95.606679 28.147604 43.675446 8.228254 409.813884 43.675446 349.888720 50.293478 43.585551 8.228254 50.293478 19.641037 933.883696 114.435530 95.942869 10.697855 114.435530 32.022215 10.498466 2.027298 95.942869 10.498466 112.184491 25.025939 10.697855 2.027298 25.025939 14.868011
659.201066 88.523160 -205.846601 -23.396418 88.523160 27.836082 -23.724192 -4.802220 -205.846601 -23.724192 177.062460 32.360627 -23.396418 -4.802220 32.360627 16.378355 258.105331 43.750984 -196.195369 -24.903016 43.750984 19.044074 -24.935714 -5.499312 -196.195369 -24.935714 346.346629 54.892202 -24.903016 -5.499312 54.892202 21.485612 102.303002 23.953085 15.363486 2.159064 23.953085 14.672441 2.176147 0.533741 15.363486 2.176147 302.493315 52.115326 2.159064 0.533741 52.115326 21.617908 224.857613 42.148341 52.363399 7.689968 42.148341 19.320175 7.746603 1.993904 52.363399 7.746603 123.291969 27.031330 7.689968 1.993904 27.031330 15.480030 296.407223 50.230012 -120.776897 -16.260564 50.230012 20.904344 -16.313741 -3.852881 -120.776897 -16.313741 175.831557 33.818989 -16.260564 -3.852881 33.818989 16.998261 167.306255 32.041935 -164.137549 -19.949793 32.041935 16.374960 -20.448635 -4.332632 -164.137549 -20.448635 508.260221 73.208252 -19.949793 -4.332632 73.208252 25.413998 113.636104 25.148778 94.510034 10.590619 25.148778 14.905460 10.329312 2.089150 94.510034 10.329312 815.399786 104.117737 10.590619 2.089150 104.117737 30.577900 382.062196 54.138889 410.737414 44.226745 54.138889 20.367494 44.459601 8.425155 410.737414 44.459601 701.654622 88.573767 44.226745 8.425155 88.573767 27.008389 762.888513 93.623811 411.844688 44.769674 93.623811 27.877404 43.632797 8.326773 411.844688 43.632797 357.450955 51.754820 44.769674 8.326773 51.754820 19.868985 930.473941 114.067750 92.627168 9.795434 114.067750 31.986721 10.049225 1.909953 92.627168 10.049225 111.476437 24.877452 9.795434 1.909953 24.877452 14.841883
657.961275 88.206661 -206.294390 -23.824633 88.206661 27.756100 -23.847955 -4.875350 -206.294390 -23.847955 177.559485 32.607016 -23.824633 -4.875350 32.607016 16.442794 256.115065 43.286541 -194.823970 -24.614879 43.286541 18.955692 -24.529243 -5.439460 -194.823970 -24.529243 346.035604 54.751452 -24.614879 -5.439460 54.751452 21.474416 102.459885 23.983678 16.422630 2.335208 23.983678 14.678523 2.401532 0.573443 16.422630 2.401532 304.099680 52.312210 2.335208 0.573443 52.312210 21.656747 235.139186 43.847659 53.359095 7.690110 43.847659 19.630160 7.884844 1.985874 53.359095 7.884844 122.390611 26.808981 7.690110 1.985874 26.808981 15.422984 298.918546 50.629896 -119.271633 -15.851854 50.629896 20.967057 -16.091496 -3.798352 -119.271633 -16.091496 173.060128 33.288361 -15.851854 -3.798352 33.288361 16.909784 166.393408 31.699080 -164.525938 -20.104259 31.699080 16.315450 -20.054894 -4.304926 -164.525938 -20.054894 515.921843 74.751472 -20.104259 -4.304926 74.751472 25.638941 114.122588 25.274427 95.993565 10.822533 25.274427 14.928454 10.950154 2.168645 95.993565 10.950154 810.418879 103.467528 10.822533 2.168645 103.467528 30.476045 371.221007 52.349291 403.087134 43.641961 52.349291 20.117813 42.799412 8.270529 403.087134 42.799412 702.720965 89.176433 43.641961 8.270529 89.176433 27.102708 765.683353 94.669227 411.864537 44.143999 94.669227 28.067954 43.887209 8.281504 411.864537 43.887209 356.390898 51.119780 44.143999 8.281504 51.119780 19.736695 929.823154 114.088733 89.588768 9.286322 114.088733 31.999681 9.722847 1.855376 89.588768 9.722847 110.816206 24.786693 9.286322 1.855376 24.786693 14.830209
655.174798 87.834081 -205.421686 -23.765809 87.834081 27.705558 -23.755600 -4.861230 -205.421686 -23.755600 177.294291 32.602096 -23.765809 -4.861230 32.602096 16.439213 254.269225 42.973941 -194.317881 -24.573204 42.973941 18.909968 -24.381608 -5.434471 -194.317881 -24.381608 347.702382 55.013089 -24.573204 -5.434471 55.013089 21.535400 102.505341 23.985280 16.497246 2.311372 23.985280 14.678551 2.365481 0.567074 16.497246 2.365481 299.092188 51.372230 2.311372 0.567074 51.372230 21.500822 234.406352 43.151999 54.231928 7.930010 43.151999 19.480756 7.935275 2.016222 54.231928 7.935275 123.205275 27.037582 7.930010 2.016222 27.037582 15.470346 303.263970 51.288182 -117.906210 -15.564544 51.288182 21.083979 -15.940134 -3.762262 -117.906210 -15.940134 169.914364 32.806183 -15.564544 -3.762262 32.806183 16.828671 166.197041 31.640077 -166.310040 -20.387648 31.640077 16.317181 -20.163737 -4.335640 -166.310040 -20.163737 526.231175 76.130673 -20.387648 -4.335640 76.130673 25.785478 113.517676 25.150427 93.642286 10.514687 25.150427 14.904879 10.330011 2.080790 93.642286 10.330011 809.059531 103.459355 10.514687 2.080790 103.459355 30.480717 370.354926 52.580995 403.958818 43.816527 52.580995 20.183582 43.237723 8.326179 403.958818 43.237723 707.253591 89.581587 43.816527 8.326179 89.581587 27.121807 770.789219 95.765777 408.065502 43.024415 95.765777 28.214962 43.714572 8.189899 408.065502 43.714572 349.795622 49.915209 43.024415 8.189899 49.915209 19.570193 932.577325 114.513300 85.452402 8.607859 114.513300 32.058455 9.284805 1.770581 85.452402 9.284805 109.913795 24.667733 8.607859 1.770581 24.667733 14.812669
650.570080 87.124941 -209.026557 -24.745133 87.124941 27.594921 -24.192774 -4.977238 -209.026557 -24.192774 180.655320 33.237852 -24.745133 -4.977238 33.237852 16.543507 255.323291 43.269769 -194.950923 -24.616397 43.269769 18.969853 -24.603986 -5.464573 -194.950923 -24.603986 347.614025 54.874641 -24.616397 -5.464573 54.874641 21.515081 102.533039 23.986198 16.621165 2.326796 23.986198 14.679375 2.360026 0.573432 16.621165 2.360026 298.086376 51.378849 2.326796 0.573432 51.378849 21.529412 231.369316 42.509570 53.016378 7.645064 42.509570 19.421779 7.649888 1.961964 53.016378 7.649888 122.713752 26.910992 7.645064 1.961964 26.910992 15.435488 300.272792 50.518174 -117.018605 -15.687867 50.518174 20.950038 -15.763663 -3.765255 -117.018605 -15.763663 169.895721 33.039726 -15.687867 -3.765255 33.039726 16.876386 165.272797 31.492400 -166.274543 -20.328275 31.492400 16.294195 -20.026247 -4.310981 -166.274543 -20.026247 532.163893 76.616639 -20.328275 -4.310981 76.616639 25.814945 112.823664 25.054467 90.622301 10.171056 25.054467 14.891098 9.852561 2.021546 90.622301 9.852561 803.473382 102.848123 10.171056 2.021546 102.848123 30.398992 370.169540 52.815560 403.286543 43.650059 52.815560 20.211602 43.458801 8.325435 403.286543 43.458801 705.653399 89.137638 43.650059 8.325435 89.137638 27.054656 781.792499 97.181227 407.663019 42.760475 97.181227 28.376548 43.851725 8.179674 407.663019 43.851725 345.291349 49.333031 42.760475 8.179674 49.333031 19.502553 929.362099 114.047623 85.602030 9.156636 114.047623 31.991978 9.379482 1.825264 85.602030 9.379482 109.978413 24.739129 9.156636 1.825264 24.739129 14.823889
651.852407 87.511035 -210.221945 -24.613276 87.511035 27.660187 -24.323624 -4.958037 -210.221945 -24.323624 181.377002 33.182104 -24.613276 -4.958037 33.182104 16.519009 252.855832 42.741048 -195.347083 -24.781818 42.741048 18.860213 -24.464307 -5.461049 -195.347083 -24.464307 352.649864 55.773311 -24.781818 -5.461049 55.773311 21.686225 102.299938 23.935041 15.527469 2.140521 23.935041 14.669827 2.034172 0.523628 15.527469 2.034172 307.764430 53.165614 2.140521 0.523628 53.165614 21.838605 228.483969 42.086747 53.882828 7.934944 42.086747 19.387092 7.827450 2.023304 53.882828 7.827450 123.934197 27.180346 7.934944 2.023304 27.180346 15.493178 297.834073 50.109417 -117.986925 -16.041874 50.109417 20.909342 -15.900045 -3.803781 -117.986925 -15.900045 171.906808 33.476370 -16.041874 -3.803781 33.476370 16.936693 165.799453 31.686623 -166.110080 -20.211223 31.686623 16.330404 -20.238401 -4.325996 -166.110080 -20.238401 527.810214 75.569566 -20.211223 -4.325996 75.569566 25.648547 113.394166 25.200258 92.590665 10.486023 25.200258 14.916066 10.614149 2.114933 92.590665 10.614149 800.231906 102.548455 10.486023 2.114933 102.548455 30.357218 360.136740 51.147256 397.850640 43.305709 51.147256 19.926556 42.105612 8.183644 397.850640 42.105612 712.277772 90.431342 43.305709 8.183644 90.431342 27.290450 776.090349 95.921609 405.360177 43.072128 95.921609 28.175240 43.384603 8.181115 405.360177 43.384603 344.578493 49.693475 43.072128 8.181115 49.693475 19.574504 927.430516 113.888235 82.841336 8.659929 113.888235 31.981852 9.046994 1.739252 82.841336 9.046994 109.436615 24.657104 8.659929 1.739252 24.657104 14.806471
649.562819 87.160711 -212.333465 -24.973656 87.160711 27.586104 -24.547199 -5.013457 -212.333465 -24.547199 183.339585 33.460750 -24.973656 -5.013457 33.460750 16.572927 253.953926 43.027471 -197.129747 -24.963873 43.027471 18.911967 -24.809327 -5.501767 -197.129747 -24.809327 355.413764 55.977020 -24.963873 -5.501767 55.977020 21.704306 102.118304 23.909635 14.697832 2.035471 23.909635 14.665998 1.885107 0.502076 14.697832 1.885107 320.181710 54.938988 2.035471 0.502076 54.938988 22.098493 227.227259 42.015327 55.698186 8.299743 42.015327 19.386094 8.136771 2.090438 55.698186 8.136771 125.739839 27.490366 8.299743 2.090438 27.490366 15.552824 293.613610 49.559318 -116.345657 -15.730666 49.559318 20.839138 -15.620242 -3.745766 -116.345657 -15.620242 171.455853 33.320658 -15.730666 -3.745766 33.320658 16.892431 167.269306 31.980943 -166.333152 -20.178606 31.980943 16.376904 -20.512997 -4.353299 -166.333152 -20.512997 519.459064 74.297529 -20.178606 -4.353299 74.297529 25.492963 113.957341 25.292179 94.132483 10.661302 25.292179 14.927660 10.990002 2.148105 94.132483 10.990002 791.967597 101.614775 10.661302 2.148105 101.614775 30.232733 360.499829 51.832834 395.300546 42.774670 51.832834 20.057288 42.637673 8.206472 395.300546 42.637673 703.614760 88.820563 42.774670 8.206472 88.820563 27.045388 770.949456 95.201331 403.630842 43.140027 95.201331 28.108676 43.120326 8.163703 403.630842 43.120326 344.358455 49.835787 43.140027 8.163703 49.835787 19.576966 925.579743 113.779901 76.925467 7.549976 113.779901 31.978695 8.357500 1.589213 76.925467 8.357500 108.310438 24.488249 7.549976 1.589213 24.488249 14.778756
648.638095 87.134523 -212.366645 -24.749499 87.134523 27.577372 -24.535259 -4.998381 -212.366645 -24.535259 183.503703 33.373509 -24.749499 -4.998381 33.373509 16.561975 252.623928 42.829591 -195.624994 -24.646024 42.829591 18.869800 -24.564904 -5.455081 -195.624994 -24.564904 353.743600 55.581234 -24.646024 -5.455081 55.581234 21.653506 101.992591 23.897490 13.850200 1.918264 23.897490 14.663177 1.791884 0.478855 13.850200 1.791884 323.784108 54.930538 1.918264 0.478855 54.930538 22.067186 226.209030 41.927826 56.776413 8.411180 41.927826 19.356059 8.271499 2.114827 56.776413 8.271499 126.906339 27.622372 8.411180 2.114827 27.622372 15.580669 288.362825 48.913870 -113.299514 -15.245391 48.913870 20.739721 -15.197138 -3.676571 -113.299514 -15.197138 169.691059 33.007994 -15.245391 -3.676571 33.007994 16.844940 163.971706 31.294583 -161.501708 -19.573221 31.294583 16.252168 -19.365627 -4.206885 -161.501708 -19.365627 516.216450 74.277138 -19.573221 -4.206885 74.277138 25.553146 114.537184 25.372906 95.191962 10.763767 25.372906 14.940010 11.221128 2.175534 95.191962 11.221128 777.049029 99.936314 10.763767 2.175534 99.936314 30.017908 365.157175 52.725946 397.364365 42.920803 52.725946 20.166746 43.418111 8.266156 397.364365 43.418111 699.179421 88.179433 42.920803 8.266156 88.179433 26.977265 764.187679 94.455490 401.456303 43.068574 94.455490 28.038494 42.851919 8.141210 401.456303 42.851919 344.197875 49.902836 43.068574 8.141210 49.902836 19.575438 925.723983 113.855349 75.453151 7.772984 113.855349 31.988432 8.272712 1.604418 75.453151 8.272712 108.035599 24.501698 7.772984 1.604418 24.501698 14.780882
641.160455 85.930290 -217.147503 -25.961457 85.930290 27.373358 -25.074992 -5.162078 -217.147503 -25.074992 188.454571 34.262156 -25.961457 -5.162078 34.262156 16.726097 252.795274 43.001582 -193.202180 -24.202343 43.001582 18.908509 -24.396385 -5.420030 -193.202180 -24.396385 347.251158 54.515528 -24.202343 -5.420030 54.515528 21.500801 102.184724 23.946010 15.200112 2.165881 23.946010 14.671384 2.220699 0.539318 15.200112 2.220699 320.781558 54.084857 2.165881 0.539318 54.084857 21.958738 226.369360 42.001524 58.330422 8.637970 42.001524 19.347686 8.506460 2.168232 58.330422 8.506460 128.302607 27.822477 8.637970 2.168232 27.822477 15.630770 286.278474 48.759376 -114.095140 -15.597452 48.759376 20.700706 -15.430218 -3.738667 -114.095140 -15.430218 171.443505 33.424898 -15.597452 -3.738667 33.424898 16.935609 165.683590 31.790442 -161.760647 -19.684488 31.790442 16.361444 -19.986727 -4.304623 -161.760647 -19.986727 506.513676 72.945146 -19.684488 -4.304623 72.945146 25.346686 114.711502 25.368222 94.972484 10.730627 25.368222 14.940035 11.065251 2.167585 94.972484 11.065251 765.285121 98.899141 10.730627 2.167585 98.899141 29.897618 367.085501 52.829839 398.538700 43.094502 52.829839 20.150417 43.481249 8.265788 398.538700 43.481249 698.348700 88.304562 43.094502 8.265788 88.304562 27.013430 758.228205 93.758454 402.905445 43.642984 93.758454 27.945851 42.976130 8.195709 402.905445 42.976130 348.177261 50.591506 43.642984 8.195709 50.591506 19.677827 915.478458 112.608331 74.932208 8.077222 112.608331 31.831382 8.241197 1.613829 74.932208 8.241197 108.026151 24.537105 8.077222 1.613829 24.537105 14.783305
639.451733 85.937484 -219.323629 -25.966779 85.937484 27.382256 -25.316780 -5.175523 -219.323629 -25.316780 190.490473 34.365342 -25.966779 -5.175523 34.365342 16.735012 253.801644 43.123848 -193.982036 -24.438496 43.123848 18.919915 -24.552412 -5.456987 -193.982036 -24.552412 347.601895 54.817055 -24.438496 -5.456987 54.817055 21.576298 102.492688 23.999883 17.202744 2.455031 23.999883 14.679875 2.613334 0.592137 17.202744 2.613334 318.827168 53.795387 2.455031 0.592137 53.795387 21.972012 226.232550 41.924617 61.243764 9.167702 41.924617 19.305680 8.955845 2.272280 61.243764 8.955845 131.127158 28.314819 9.167702 2.272280 28.314819 15.740094 292.859850 50.234655 -111.305370 -14.734680 50.234655 20.962343 -15.150216 -3.613862 -111.305370 -15.150216 165.783862 32.224955 -14.734680 -3.613862 32.224955 16.696861 167.426601 32.079160 -162.784863 -19.880644 32.079160 16.405805 -20.301159 -4.345561 -162.784863 -20.301159 500.852031 72.454939 -19.880644 -4.345561 72.454939 25.283240 113.955609 25.204602 92.269584 10.425150 25.204602 14.915754 10.282867 2.087535 92.269584 10.282867 765.026227 99.415926 10.425150 2.087535 99.415926 29.970045 362.141925 51.768352 396.747344 43.122985 51.768352 19.976671 42.634216 8.192652 396.747344 42.634216 704.210049 89.490982 43.122985 8.192652 89.490982 27.189621 755.433580 93.773304 401.661112 43.263904 93.773304 27.960731 42.940791 8.161336 401.661112 42.940791 347.700925 50.332536 43.263904 8.161336 50.332536 19.629416 916.013496 112.853714 81.647734 9.733084 112.853714 31.869961 9.062805 1.793038 81.647734 9.062805 109.314876 24.776094 9.733084 1.793038 24.776094 14.818816
644.975721 86.969205 -218.850862 -25.292558 86.969205 27.523571 -25.303182 -5.122744 -218.850862 -25.303182 189.202680 33.917143 -25.292558 -5.122744 33.917143 16.667490 254.291493 43.091859 -196.016865 -24.831521 43.091859 18.906218 -24.752198 -5.495715 -196.016865 -24.752198 351.996037 55.625589 -24.831521 -5.495715 55.625589 21.697338 102.397373 23.960197 16.630046 2.281401 23.960197 14.670856 2.295019 0.538657 16.630046 2.295019 319.580706 54.060557 2.281401 0.538657 54.060557 22.053565 224.825075 41.669218 61.600899 9.048103 41.669218 19.248287 8.914173 2.261882 61.600899 8.914173 131.814072 28.298923 9.048103 2.261882 28.298923 15.742212 294.120810 50.166705 -110.866416 -14.885044 50.166705 20.896016 -15.116110 -3.628897 -110.866416 -15.116110 164.825890 32.314753 -14.885044 -3.628897 32.314753 16.735958 167.818200 32.043098 -162.935084 -19.947518 32.043098 16.395996 -20.186175 -4.335342 -162.935084 -20.186175 499.225341 72.561854 -19.947518 -4.335342 72.561854 25.289589 114.569347 25.341810 94.963127 10.856638 25.341810 14.943681 10.985770 2.194872 94.963127 10.985770 772.203130 100.509814 10.856638 2.194872 100.509814 30.071969 359.576443 51.473093 396.493456 43.147261 51.473093 19.950925 42.537655 8.188397 396.493456 42.537655 709.411184 90.077413 43.147261 8.188397 90.077413 27.239237 763.839601 95.350275 399.730658 42.354779 95.350275 28.180101 43.028382 8.092190 399.730658 43.028382 342.243573 49.252079 42.354779 8.092190 49.252079 19.465479 911.483767 112.407244 83.533675 9.692249 112.407244 31.808568 9.169299 1.770493 83.533675 9.169299 109.741726 24.789492 9.692249 1.770493 24.789492 14.815058
650.908864 87.766489 -216.924987 -24.683195 87.766489 27.610623 -25.116441 -5.073451 -216.924987 -25.116441 186.725329 33.475581 -24.683195 -5.073451 33.475581 16.615377 251.494794 42.536078 -195.896015 -24.847485 42.536078 18.809142 -24.514783 -5.466348 -195.896015 -24.514783 356.352623 56.273380 -24.847485 -5.466348 56.273380 21.786170 102.389720 23.959418 16.543306 2.274127 23.959418 14.672930 2.280752 0.552194 16.543306 2.280752 318.496358 53.905779 2.274127 0.552194 53.905779 22.030231 223.886108 41.592394 59.737661 8.554221 41.592394 19.237646 8.578821 2.201243 59.737661 8.578821 130.207536 27.909372 8.554221 2.201243 27.909372 15.683954 299.525243 50.964097 -111.569858 -14.998938 50.964097 21.038930 -15.257143 -3.629448 -111.569858 -15.257143 163.877332 32.208073 -14.998938 -3.629448 32.208073 16.690669 168.412045 32.094641 -163.795883 -20.102618 32.094641 16.411855 -20.254917 -4.355447 -163.795883 -20.254917 499.892624 72.803958 -20.102618 -4.355447 72.803958 25.290436 113.484769 25.129775 91.133903 10.343905 25.129775 14.906750 9.975121 2.057949 91.133903 9.975121 773.499637 100.616854 10.343905 2.057949 100.616854 30.044132 360.621835 51.823558 398.091916 43.230228 51.823558 20.006897 42.983421 8.223115 398.091916 42.983421 711.852899 90.065339 43.230228 8.223115 90.065339 27.212579 761.823155 94.804576 398.484916 42.552766 94.804576 28.058597 42.821082 8.106020 398.484916 42.821082 341.470098 49.444793 42.552766 8.106020 49.444793 19.525696 912.539121 112.685019 84.617479 9.563239 112.685019 31.837422 9.241202 1.770310 84.617479 9.241202 109.954901 24.781690 9.563239 1.770310 24.781690 14.814387
654.577120 88.022710 -216.289923 -24.685879 88.022710 27.623946 -25.063716 -5.080510 -216.289923 -25.063716 185.657977 33.418614 -24.685879 -5.080510 33.418614 16.619218 252.120776 42.783222 -196.656302 -24.849632 42.783222 18.861396 -24.729401 -5.484361 -196.656302 -24.729401 357.265133 56.137007 -24.849632 -5.484361 56.137007 21.743529 102.369458 23.956930 16.403345 2.263959 23.956930 14.673381 2.259781 0.555789 16.403345 2.259781 318.294693 53.924380 2.263959 0.555789 53.924380 22.035850 227.454070 42.352224 57.960341 8.178510 42.352224 19.382802 8.370072 2.160365 57.960341 8.370072 127.740256 27.470807 8.178510 2.160365 27.470807 15.615742 302.032765 51.096754 -113.212376 -15.355088 51.096754 21.055781 -15.438456 -3.660413 -113.212376 -15.438456 164.930717 32.469203 -15.355088 -3.660413 32.469203 16.718448 165.234281 31.449087 -160.872153 -19.754004 31.449087 16.302628 -19.362420 -4.242883 -160.872153 -19.362420 504.888176 73.698955 -19.754004 -4.242883 73.698955 25.408658 113.073616 25.100617 89.852128 10.235961 25.100617 14.904666 9.904030 2.050749 89.852128 9.904030 777.133972 100.958332 10.235961 2.050749 100.958332 30.061044 363.738103 52.463773 398.609301 43.055182 52.463773 20.097357 43.430428 8.242183 398.609301 43.430428 706.180053 88.992341 43.055182 8.242183 88.992341 27.061031 769.206974 95.762002 400.043193 42.645715 95.762002 28.188938 43.088374 8.114133 400.043193 43.088374 340.676212 49.317439 42.645715 8.114133 49.317439 19.488782 914.456075 112.966212 84.176798 9.236834 112.966212 31.857646 9.170930 1.753389 84.176798 9.170930 109.842993 24.737374 9.236834 1.753389 24.737374 14.810238
657.776912 88.331090 -213.838071 -24.235865 88.331090 27.679187 -24.767252 -5.013387 -213.838071 -24.767252 183.278620 33.087189 -24.235865 -5.013387 33.087189 16.559629 251.767091 42.692162 -197.489617 -24.947455 42.692162 18.828135 -24.784411 -5.491074 -197.489617 -24.784411 360.047352 56.493839 -24.947455 -5.491074 56.493839 21.817674 102.195740 23.923459 15.301537 2.089264 23.923459 14.667089 2.002058 0.514186 15.301537 2.002058 321.127528 54.434507 2.089264 0.514186 54.434507 22.120051 227.277080 42.140250 58.149665 8.421540 42.140250 19.322493 8.471407 2.200931 58.149665 8.471407 127.938815 27.674330 8.421540 2.200931 27.674330 15.665194 297.241969 50.084183 -112.831615 -15.365104 50.084183 20.897133 -15.233480 -3.637980 -112.831615 -15.233480 166.052962 32.687429 -15.365104 -3.637980 32.687429 16.744288 164.850793 31.525380 -160.841353 -19.789164 31.525380 16.330055 -19.558776 -4.272875 -160.841353 -19.558776 507.127472 73.802349 -19.789164 -4.272875 73.802349 25.385130 113.692001 25.246618 92.365738 10.583476 25.246618 14.927293 10.669754 2.136205 92.365738 10.669754 780.339792 101.162017 10.583476 2.136205 101.162017 30.066975 371.167308 53.604078 401.850946 43.206179 53.604078 20.259353 44.252411 8.311652 401.850946 44.252411 699.149218 87.904590 43.206179 8.311652 87.904590 26.913890 768.305301 95.295167 401.545880 43.151862 95.295167 28.104349 43.100591 8.145045 401.545880 43.100591 342.805769 49.796601 43.151862 8.145045 49.796601 19.555843 908.893895 112.234136 83.331652 9.090755 112.234136 31.750986 9.086098 1.754064 83.331652 9.086098 109.727467 24.721116 9.090755 1.754064 24.721116 14.811368
657.017655 87.999537 -213.766444 -24.553727 87.999537 27.639155 -24.745951 -5.037825 -213.766444 -24.745951 183.335453 33.250401 -24.553727 -5.037825 33.250401 16.583332 254.573164 43.202713 -199.602263 -25.127954 43.202713 18.909189 -25.198719 -5.537544 -199.602263 -25.198719 360.781061 56.399863 -25.127954 -5.537544 56.399863 21.800362 102.509748 23.998396 17.163904 2.440803 23.998396 14.682586 2.560008 0.608647 17.163904 2.560008 315.425268 53.351888 2.440803 0.608647 53.351888 21.921384 224.288271 41.533793 58.397137 8.570126 41.533793 19.220554 8.501471 2.207187 58.397137 8.501471 128.825156 27.892055 8.570126 2.207187 27.892055 15.693513 296.895634 50.112007 -115.338215 -15.839926 50.112007 20.929738 -15.600155 -3.714902 -115.338215 -15.600155 169.088179 33.171998 -15.839926 -3.714902 33.171998 16.824256 164.568030 31.508635 -161.623347 -19.903626 31.508635 16.316220 -19.673629 -4.274952 -161.623347 -19.673629 512.909547 74.501075 -19.903626 -4.274952 74.501075 25.484762 113.210151 25.136844 90.705754 10.314948 25.136844 14.903486 10.140127 2.049153 90.705754 10.140127 782.269280 101.288939 10.314948 2.049153 101.288939 30.083703 374.703002 53.828268 402.676209 43.275595 53.828268 20.280572 44.198426 8.311236 402.676209 44.198426 693.839569 87.456753 43.275595 8.311236 87.456753 26.868154 776.196510 96.397673 402.626504 42.881602 96.397673 28.273228 43.289146 8.114730 402.626504 43.289146 341.268582 49.352592 42.881602 8.114730 49.352592 19.459116 907.602613 112.173606 82.668606 8.985999 112.173606 31.747474 9.038002 1.750123 82.668606 9.038002 109.604495 24.705981 8.985999 1.750123 24.705981 14.810580
663.588762 88.885788 -214.580078 -24.594641 88.885788 27.787702 -24.856888 -5.027314 -214.580078 -24.856888 182.994779 33.178825 -24.594641 -5.027314 33.178825 16.553182 256.507353 43.381192 -201.853475 -25.387479 43.381192 18.920649 -25.433901 -5.570278 -201.853475 -25.433901 363.362982 56.740987 -25.387479 -5.570278 56.740987 21.865976 102.531349 23.988642 17.053880 2.370122 23.988642 14.678653 2.437726 0.579000 17.053880 2.437726 308.844212 52.420091 2.370122 0.579000 52.420091 21.785554 220.805032 41.001987 58.811952 8.684079 41.001987 19.138014 8.551552 2.217293 58.811952 8.551552 130.038020 28.099011 8.684079 2.217293 28.099011 15.723843 296.812541 50.265724 -113.632493 -15.281319 50.265724 20.970823 -15.314453 -3.637861 -113.632493 -15.314453 167.120592 32.625844 -15.281319 -3.637861 32.625844 16.719435 164.456257 31.530084 -161.505762 -19.825204 31.530084 16.311575 -19.716871 -4.262113 -161.505762 -19.716871 513.036604 74.273486 -19.825204 -4.262113 74.273486 25.446788 113.464729 25.201813 91.452667 10.409265 25.201813 14.915125 10.459812 2.088220 91.452667 10.459812 779.222904 100.751390 10.409265 2.088220 100.751390 30.013499 376.206525 53.856335 401.479456 43.155661 53.856335 20.305374 43.922186 8.298256 401.479456 43.922186 687.103084 86.829234 43.155661 8.298256 86.829234 26.775418 781.268993 97.070860 398.811791 41.951044 97.070860 28.378277 42.906000 8.013806 398.811791 42.906000 334.984536 48.347659 41.951044 8.013806 48.347659 19.305648 922.577678 114.133990 80.700182 8.416374 114.133990 31.993609 8.826239 1.681907 80.700182 8.826239 109.059223 24.609065 8.416374 1.681907 24.609065 14.794913
658.718380 87.865302 -218.154704 -25.648411 87.865302 27.627569 -25.194487 -5.140397 -218.154704 -25.194487 186.487751 33.870705 -25.648411 -5.140397 33.870705 16.665297 257.223050 43.411328 -202.047002 -25.305697 43.411328 18.927556 -25.386904 -5.561587 -202.047002 -25.386904 362.660941 56.523812 -25.305697 -5.561587 56.523812 21.831947 102.684750 24.014486 17.878601 2.506666 24.014486 14.684599 2.595282 0.613809 17.878601 2.595282 306.851916 52.395045 2.506666 0.613809 52.395045 21.793770 217.118799 40.556038 56.257566 8.102931 40.556038 19.065616 8.097978 2.117744 56.257566 8.097978 128.419580 27.700579 8.102931 2.117744 27.700579 15.643410 300.837563 51.036386 -112.385944 -14.945579 51.036386 21.101497 -15.210372 -3.609572 -112.385944 -15.210372 164.384291 32.127291 -14.945579 -3.609572 32.127291 16.646388 165.028143 31.688163 -160.806240 -19.661084 31.688163 16.336201 -19.812567 -4.261241 -160.806240 -19.812567 505.827567 73.087821 -19.661084 -4.261241 73.087821 25.284702 114.878337 25.452565 96.416533 11.023474 25.452565 14.955969 11.593624 2.228865 96.416533 11.593624 777.441983 100.484698 11.023474 2.228865 100.484698 29.986943 377.664919 53.946916 401.234655 43.224697 53.946916 20.346196 43.817532 8.312380 401.234655 43.817532 683.303824 86.590992 43.224697 8.312380 86.590992 26.727207 779.578347 96.481445 397.642735 42.239507 96.481445 28.290259 42.652051 8.031609 397.642735 42.652051 334.192560 48.571179 42.239507 8.031609 48.571179 19.355367 931.105726 114.886450 78.043518 7.977175 114.886450 32.054994 8.534304 1.624707 78.043518 8.534304 108.469529 24.534223 7.977175 1.624707 24.534223 14.783963
658.446401 87.898684 -220.205962 -25.771790 87.898684 27.654769 -25.375271 -5.147665 -220.205962 -25.375271 188.138707 33.986888 -25.771790 -5.147665 33.986888 16.667162 256.524217 43.321561 -199.207441 -24.806752 43.321561 18.931943 -25.007709 -5.507813 -199.207441 -25.007709 356.506735 55.544065 -24.806752 -5.507813 55.544065 21.686846 102.389248 23.945425 16.142424 2.191627 23.945425 14.671471 2.103559 0.536140 16.142424 2.103559 308.672988 52.893063 2.191627 0.536140 52.893063 21.861218 210.280987 39.489616 53.537953 7.740701 39.489616 18.856543 7.705028 2.064412 53.537953 7.705028 127.392431 27.585869 7.740701 2.064412 27.585869 15.640745 300.850145 50.843596 -112.238805 -15.096242 50.843596 21.047775 -15.201414 -3.631727 -112.238805 -15.201414 164.207536 32.268578 -15.096242 -3.631727 32.268578 16.687988 163.925404 31.390563 -160.809651 -19.723937 31.390563 16.272043 -19.516478 -4.226938 -160.809651 -19.516478 512.959078 74.414908 -19.723937 -4.226938 74.414908 25.524320 115.375650 25.458094 98.732936 11.228837 25.458094 14.951484 11.580643 2.225369 98.732936 11.580643 785.459727 101.610036 11.228837 2.225369 101.610036 30.145690 383.655373 54.987957 401.411349 43.090062 54.987957 20.543807 44.296602 8.360079 401.411349 44.296602 671.473436 84.965708 43.090062 8.360079 84.965708 26.463645 772.201282 95.052564 402.349957 43.777768 95.052564 28.089048 42.907382 8.167182 402.349957 42.907382 342.373261 50.142155 43.777768 8.167182 50.142155 19.589259 929.676765 114.293193 81.301082 9.118584 114.293193 31.957404 8.965408 1.751437 81.301082 8.965408 109.109641 24.690501 9.118584 1.751437 24.690501 14.808683
648.844626 86.718539 -216.813894 -25.084517 86.718539 27.505540 -24.887281 -5.070850 -216.813894 -24.887281 186.956762 33.707520 -25.084517 -5.070850 33.707520 16.629439 255.938450 43.234036 -197.741638 -24.699264 43.234036 18.931337 -24.839212 -5.503684 -197.741638 -24.839212 353.713060 55.335304 -24.699264 -5.503684 55.335304 21.677082 102.078334 23.897368 14.029779 1.889401 23.897368 14.664397 1.721081 0.480911 14.029779 1.721081 309.453038 52.994758 1.889401 0.480911 52.994758 21.844643 212.328108 40.232022 53.575924 7.844030 40.232022 18.992829 7.878953 2.089202 53.575924 7.878953 126.946075 27.545316 7.844030 2.089202 27.545316 15.632560 297.289184 50.146030 -112.216478 -15.264121 50.146030 20.936267 -15.161187 -3.641870 -112.216478 -15.161187 165.329405 32.566479 -15.264121 -3.641870 32.566479 16.735487 162.824928 31.215992 -160.531809 -19.700465 31.215992 16.245521 -19.380792 -4.211167 -160.531809 -19.380792 518.850698 75.178785 -19.700465 -4.211167 75.178785 25.623914 114.714682 25.285145 96.981727 10.945306 25.285145 14.924732 10.780510 2.139991 96.981727 10.780510 793.579395 102.553668 10.945306 2.139991 102.553668 30.257317 388.847769 55.553311 402.898586 43.327551 55.553311 20.634456 44.489621 8.396264 402.898586 44.489621 665.332134 84.472605 43.327551 8.396264 84.472605 26.387052 768.623531 94.592843 408.269583 44.705516 94.592843 28.041693 43.425656 8.252674 408.269583 43.425656 350.851041 51.201624 44.705516 8.252674 51.201624 19.715061 938.233855 115.204814 83.424949 9.358984 115.204814 32.083335 9.159699 1.757680 83.424949 9.159699 109.444813 24.724649 9.358984 1.757680 24.724649 14.808725
649.967840 87.156050 -216.949449 -25.056982 87.156050 27.581140 -25.005355 -5.095617 -216.949449 -25.005355 186.888509 33.674908 -25.056982 -5.095617 33.674908 16.636886 259.918445 44.008710 -198.708412 -24.826789 44.008710 19.081798 -25.239285 -5.555851 -198.708412 -25.239285 349.805668 54.773583 -24.826789 -5.555851 54.773583 21.571249 101.840199 23.870138 12.075169 1.638888 23.870138 14.659320 1.464178 0.433673 12.075169 1.464178 307.094690 52.529952 1.638888 0.433673 52.529952 21.748698 213.362083 40.406141 53.844939 7.937126 40.406141 18.975465 7.959503 2.089002 53.844939 7.959503 126.963752 27.588424 7.937126 2.089002 27.588424 15.636349 289.613428 48.933185 -111.468103 -15.290974 48.933185 20.746328 -14.993502 -3.632605 -111.468103 -14.993502 167.060823 32.901654 -15.290974 -3.632605 32.901654 16.791513 163.176037 31.366278 -161.057069 -19.734677 31.366278 16.273637 -19.646537 -4.238098 -161.057069 -19.646537 519.202087 74.944195 -19.734677 -4.238098 74.944195 25.571690 115.964313 25.529599 101.888867 11.584384 25.529599 14.971648 11.937050 2.307577 101.888867 11.937050 801.069538 103.156011 11.584384 2.307577 103.156011 30.306867 390.999081 55.368546 407.238243 44.151895 55.368546 20.598553 44.492588 8.442060 407.238243 44.492588 673.271950 85.994824 44.151895 8.442060 85.994824 26.578373 772.649294 95.631832 408.051002 43.771600 95.631832 28.207430 43.558797 8.179026 408.051002 43.558797 349.087013 50.326912 43.771600 8.179026 50.326912 19.560229 950.696676 116.498329 84.611872 9.305792 116.498329 32.243147 9.234353 1.746194 84.611872 9.234353 109.557171 24.714004 9.305792 1.746194 24.714004 14.804807
659.636451 88.705129 -215.503781 -24.422495 88.705129 27.799238 -24.937758 -5.032801 -215.503781 -24.937758 184.287847 33.167664 -24.422495 -5.032801 33.167664 16.555939 256.207804 43.169963 -196.452183 -24.688841 43.169963 18.928262 -24.636727 -5.491102 -196.452183 -24.636727 350.005690 55.169151 -24.688841 -5.491102 55.169151 21.649389 102.127204 23.944718 14.369156 2.106450 23.944718 14.672397 2.179980 0.541111 14.369156 2.179980 309.363338 52.971269 2.106450 0.541111 52.971269 21.828267 217.925540 41.202678 54.312493 7.946807 41.202678 19.102974 8.041276 2.077889 54.312493 8.041276 126.391426 27.456116 7.946807 2.077889 27.456116 15.597973 291.113084 49.563675 -112.260328 -15.316520 49.563675 20.874598 -15.215980 -3.651055 -112.260328 -15.215980 167.466380 32.828800 -15.316520 -3.651055 32.828800 16.767750 161.301297 30.995516 -159.672016 -19.541160 30.995516 16.197389 -19.170657 -4.164814 -159.672016 -19.170657 524.863196 75.757262 -19.541160 -4.164814 75.757262 25.716446 116.519017 25.584104 103.548100 11.704845 25.584104 14.978479 12.074197 2.322749 103.548100 12.074197 797.925422 102.429959 11.704845 2.322749 102.429959 30.205961 379.593341 53.115293 405.179488 44.421581 53.115293 20.260974 42.958094 8.329237 405.179488 42.958094 690.738189 88.834410 44.421581 8.329237 88.834410 26.964893 764.967211 94.559355 405.522214 43.528103 94.559355 28.028323 43.180485 8.166130 405.522214 43.180485 348.856608 50.346339 43.528103 8.166130 50.346339 19.610248 954.686791 116.625113 82.619508 8.702212 116.625113 32.252591 8.943418 1.678016 82.619508 8.943418 109.127825 24.625324 8.702212 1.678016 24.625324 14.791479
669.741775 89.945732 -213.044561 -23.835624 89.945732 27.949431 -24.691141 -4.960332 -213.044561 -24.691141 180.956856 32.680877 -23.835624 -4.960332 32.680877 16.482171 251.528982 42.248316 -198.681884 -25.350942 42.248316 18.769586 -24.604337 -5.528770 -198.681884 -24.604337 363.641624 57.560454 -25.350942 -5.528770 57.560454 22.026733 102.184387 23.944301 14.522204 2.059364 23.944301 14.668769 2.124957 0.506631 14.522204 2.124957 301.452126 51.550941 2.059364 0.506631 51.550941 21.574485 215.942648 40.567684 54.454949 8.027864 40.567684 18.960748 8.005466 2.078770 54.454949 8.005466 126.962029 27.617265 8.027864 2.078770 27.617265 15.629857 289.417303 49.323142 -111.661084 -15.190199 49.323142 20.798732 -15.121038 -3.634206 -111.661084 -15.121038 167.350562 32.782611 -15.190199 -3.634206 32.782611 16.773815 160.502324 30.986647 -157.499532 -19.209803 30.986647 16.202245 -19.070392 -4.142138 -157.499532 -19.070392 518.946150 74.673548 -19.209803 -4.142138 74.673548 25.557824 116.613316 25.555145 103.822235 11.687750 25.555145 14.974164 11.877460 2.309569 103.822235 11.877460 797.328074 102.312954 11.687750 2.309569 102.312954 30.214401 381.418783 53.900369 408.323452 44.511812 53.900369 20.427796 43.877942 8.411625 408.323452 43.877942 695.982060 88.644032 44.511812 8.411625 88.644032 26.844486 760.376199 94.137399 403.699880 43.306178 94.137399 27.974666 43.040223 8.161799 403.699880 43.040223 348.343924 50.282477 43.306178 8.161799 50.282477 19.624500 943.857144 114.969490 86.955778 9.995785 114.969490 32.052663 9.479248 1.843030 86.955778 9.479248 110.105193 24.826004 9.995785 1.843030 24.826004 14.827002
668.027251 89.110472 -215.809786 -24.988574 89.110472 27.791560 -24.975141 -5.082197 -215.809786 -24.975141 183.290342 33.341942 -24.988574 -5.082197 33.341942 16.594608 251.898714 42.584276 -200.885063 -25.498860 42.584276 18.839619 -25.067443 -5.565536 -200.885063 -25.067443 368.797758 57.790099 -25.498860 -5.565536 57.790099 21.999597 102.182805 23.935765 14.532120 2.033726 23.935765 14.666737 2.054675 0.495830 14.532120 2.054675 301.799611 51.896013 2.033726 0.495830 51.896013 21.659864 219.318224 41.228868 55.421063 8.143280 41.228868 19.111436 8.169870 2.099203 55.421063 8.169870 127.120505 27.601686 8.143280 2.099203 27.601686 15.615431 287.248050 49.055582 -109.415365 -14.765019 49.055582 20.742391 -14.803940 -3.573554 -109.415365 -14.803940 165.455253 32.437593 -14.765019 -3.573554 32.437593 16.721543 163.116628 31.568960 -159.123621 -19.420659 31.568960 16.303106 -19.842404 -4.236681 -159.123621 -19.842404 509.657099 73.296873 -19.420659 -4.236681 73.296873 25.374511 117.158988 25.644850 105.048299 11.833262 25.644850 14.993441 12.168660 2.364311 105.048299 12.168660 789.623735 101.306558 11.833262 2.364311 101.306558 30.099732 383.235733 54.288112 410.769185 44.573408 54.288112 20.459337 44.333954 8.433365 410.769185 44.333954 699.248250 88.578331 44.573408 8.433365 88.578331 26.838111 763.476907 94.772105 404.349890 43.255006 94.772105 28.062603 43.281387 8.179342 404.349890 43.281387 347.979054 50.160936 43.255006 8.179342 50.160936 19.612792 926.518612 113.002894 87.013454 9.836076 113.002894 31.857973 9.422623 1.820147 87.013454 9.422623 110.303913 24.825814 9.836076 1.820147 24.825814 14.824425
680.538144 90.680947 -220.282903 -25.451553 90.680947 28.029523 -25.486736 -5.113711 -220.282903 -25.486736 184.880480 33.484559 -25.451553 -5.113711 33.484559 16.583607 260.715480 44.345148 -204.134076 -25.498749 44.345148 19.128450 -26.057510 -5.639432 -204.134076 -26.057510 362.301613 56.100591 -25.498749 -5.639432 56.100591 21.705873 101.805649 23.859019 11.596392 1.527230 23.859019 14.652795 1.347743 0.381176 11.596392 1.347743 302.364518 52.085994 1.527230 0.381176 52.085994 21.677550 219.950713 41.172523 57.611417 8.590073 41.172523 19.090615 8.500428 2.175643 57.611417 8.500428 129.070408 27.986865 8.590073 2.175643 27.986865 15.693600 283.967766 48.583351 -107.622948 -14.587070 48.583351 20.654777 -14.588218 -3.549004 -107.622948 -14.588218 164.480532 32.369125 -14.587070 -3.549004 32.369125 16.722829 164.377554 31.732129 -158.349315 -19.289487 31.732129 16.323134 -19.808551 -4.224837 -158.349315 -19.808551 497.601367 71.868171 -19.289487 -4.224837 71.868171 25.197387 117.518994 25.666902 106.718746 12.045914 25.666902 14.997382 12.258747 2.390254 106.718746 12.258747 796.070895 102.353020 12.045914 2.390254 102.353020 30.262121 382.744034 54.186848 410.272163 44.357288 54.186848 20.417400 44.223293 8.402535 410.272163 44.223293 698.843440 88.316832 44.357288 8.402535 88.316832 26.835426 776.581897 96.786237 403.445093 42.445968 96.786237 28.342846 43.470088 8.116716 403.445093 43.470088 342.113057 49.060757 42.445968 8.116716 49.060757 19.438800 912.199835 111.779755 83.825084 9.016550 111.779755 31.764101 9.037798 1.737215 83.825084 9.037798 109.794318 24.713331 9.016550 1.737215 24.713331 14.807820
685.288518 90.998703 -220.821568 -25.258249 90.998703 28.068603 -25.411927 -5.072833 -220.821568 -25.411927 184.605317 33.337142 -25.258249 -5.072833 33.337142 16.546895 262.901183 44.288267 -205.341101 -25.610840 44.288267 19.061314 -25.954977 -5.627285 -205.341101 -25.954977 361.784963 56.206766 -25.610840 -5.627285 56.206766 21.783609 101.452490 23.809290 8.011510 1.011957 23.809290 14.645174 0.708194 0.278980 8.011510 0.708194 306.400184 52.775629 1.011957 0.278980 52.775629 21.778212 215.735097 40.306531 58.114051 8.639661 40.306531 18.936195 8.474197 2.180526 58.114051 8.474197 130.608982 28.217094 8.639661 2.180526 28.217094 15.738243 281.535165 48.343063 -105.634603 -14.324789 48.343063 20.618352 -14.363325 -3.506007 -105.634603 -14.363325 162.984139 32.166011 -14.324789 -3.506007 32.166011 16.684911 162.942977 31.353132 -155.921285 -19.056022 31.353132 16.258847 -19.147726 -4.155427 -155.921285 -19.147726 494.449844 72.018170 -19.056022 -4.155427 72.018170 25.247025 117.038037 25.557729 105.095621 11.824355 25.557729 14.981800 11.750893 2.338185 105.095621 11.750893 795.477030 102.262020 11.824355 2.338185 102.262020 30.244205 379.560288 53.640153 408.308377 44.144668 53.640153 20.323286 43.773248 8.357571 408.308377 43.773248 699.904797 88.517292 44.144668 8.357571 88.517292 26.904898 785.252236 97.734406 400.086922 41.770777 97.734406 28.454667 43.163916 8.040985 400.086922 43.163916 335.112964 48.167129 41.770777 8.040985 48.167129 19.315009 901.284205 111.007082 83.111520 9.081642 111.007082 31.697383 9.037002 1.767093 83.111520 9.037002 109.763283 24.728166 9.081642 1.767093 24.728166 14.814635
680.643001 90.049128 -220.518482 -25.338149 90.049128 27.941714 -25.250069 -5.079057 -220.518482 -25.250069 185.043455 33.442576 -25.338149 -5.079057 33.442576 16.569805 265.847939 44.568111 -206.905828 -25.764867 44.568111 19.119109 -26.088348 -5.658073 -206.905828 -26.088348 361.032128 56.132446 -25.764867 -5.658073 56.132446 21.769811 101.293721 23.799627 5.872720 0.782987 23.799627 14.642318 0.505117 0.233526 5.872720 0.505117 318.178667 54.619365 0.782987 0.233526 54.619365 22.072410 217.179845 40.776536 58.391977 8.551849 40.776536 19.050151 8.517784 2.184934 58.391977 8.517784 130.514276 28.075248 8.551849 2.184934 28.075248 15.712763 282.618225 48.592533 -108.102624 -14.945228 48.592533 20.643332 -14.831206 -3.597747 -108.102624 -14.831206 165.524208 32.722699 -14.945228 -3.597747 32.722699 16.784896 161.931059 31.153311 -156.199436 -19.252065 31.153311 16.236378 -19.031445 -4.165599 -156.199436 -19.031445 502.431178 73.523107 -19.252065 -4.165599 73.523107 25.445953 116.632381 25.505716 103.558487 11.662889 25.505716 14.977595 11.515773 2.320668 103.558487 11.515773 792.940095 101.930813 11.662889 2.320668 101.930813 30.200562 383.197046 54.592379 406.465243 43.614994 54.592379 20.496329 44.268511 8.384757 406.465243 44.268511 686.870301 86.461147 43.614994 8.384757 86.461147 26.621050 796.826405 98.940421 398.400777 41.471011 98.940421 28.621172 43.018656 7.994064 398.400777 43.018656 329.285865 47.526914 41.471011 7.994064 47.526914 19.208121 910.687997 112.732975 80.809144 8.477584 112.732975 31.920166 8.821473 1.699185 80.809144 8.821473 109.197451 24.627645 8.477584 1.699185 24.627645 14.798855
675.797791 89.284075 -223.472293 -26.089197 89.284075 27.856029 -25.553029 -5.176052 -223.472293 -25.553029 188.035214 33.964681 -26.089197 -5.176052 33.964681 16.658481 264.447459 44.195829 -204.560350 -25.415924 44.195829 19.082635 -25.595606 -5.606371 -204.560350 -25.595606 357.352062 55.664988 -25.415924 -5.606371 55.664988 21.695444 101.230277 23.798484 4.654221 0.658939 23.798484 14.639184 0.460936 0.196656 4.654221 0.460936 325.382747 55.311893 0.658939 0.196656 55.311893 22.155824 214.034565 40.168098 57.761681 8.454856 40.168098 18.918235 8.389560 2.180795 57.761681 8.389560 130.684470 28.118170 8.454856 2.180795 28.118170 15.741953 277.606348 47.742573 -106.380544 -14.607157 47.742573 20.479567 -14.479182 -3.521818 -106.380544 -14.479182 165.258253 32.615482 -14.607157 -3.521818 32.615482 16.753069 162.170531 31.297508 -156.319494 -19.272731 31.297508 16.272306 -19.240665 -4.189232 -156.319494 -19.240665 501.457692 73.161667 -19.272731 -4.189232 73.161667 25.328874 117.062951 25.614595 104.649956 11.842501 25.614595 14.997478 11.973967 2.381295 104.649956 11.973967 788.517048 101.381047 11.842501 2.381295 101.381047 30.131487 383.480500 54.517264 404.766054 43.527639 54.517264 20.472449 44.024309 8.369525 404.766054 44.024309 681.389157 86.144087 43.527639 8.369525 86.144087 26.626850 803.878475 99.394539 396.861299 41.464843 99.394539 28.694714 42.756217 7.959606 396.861299 42.756217 325.254978 47.240245 41.464843 7.959606 47.240245 19.143671 914.232123 113.182034 79.215370 8.334814 113.182034 31.928062 8.688673 1.680964 79.215370 8.688673 108.848005 24.597098 8.334814 1.680964 24.597098 14.795374
675.722091 89.484873 -224.299089 -25.941445 89.484873 27.916331 -25.640296 -5.168689 -224.299089 -25.640296 188.688774 33.911595 -25.941445 -5.168689 33.911595 16.643251 264.565447 44.189285 -205.060042 -25.603990 44.189285 19.108351 -25.648505 -5.642208 -205.060042 -25.648505 358.419768 55.976528 -25.603990 -5.642208 55.976528 21.743291 101.283555 23.813285 5.793205 0.883659 23.813285 14.639571 0.880606 0.236295 5.793205 0.880606 326.079045 54.976379 0.883659 0.236295 54.976379 22.110281 210.306266 39.557051 58.778901 8.766217 39.557051 18.800724 8.587459 2.244363 58.778901 8.587459 132.792614 28.560300 8.766217 2.244363 28.560300 15.842428 277.792136 47.986479 -105.709788 -14.437415 47.986479 20.527730 -14.444491 -3.504308 -105.709788 -14.444491 164.385330 32.404908 -14.437415 -3.504308 32.404908 16.714458 159.490124 30.797032 -153.521662 -18.910629 30.797032 16.176340 -18.515788 -4.080014 -153.521662 -18.515788 505.014111 73.733603 -18.910629 -4.080014 73.733603 25.415770 117.636510 25.703210 106.467415 12.069482 25.703210 15.009395 12.325426 2.420273 106.467415 12.325426 787.873515 101.417707 12.069482 2.420273 101.417707 30.144115 388.463596 55.335237 405.645445 43.587037 55.335237 20.614151 44.494384 8.421579 405.645445 44.494384 673.810804 85.260232 43.587037 8.421579 85.260232 26.493175 811.992516 99.973374 399.001809 42.037852 99.973374 28.790759 42.873195 7.986055 399.001809 42.873195 325.093606 47.448331 42.037852 7.986055 47.448331 19.139500 923.507966 114.234662 75.982063 7.720115 114.234662 32.023260 8.327596 1.592317 75.982063 8.327596 108.151609 24.497869 7.720115 1.592317 24.497869 14.778438
673.015437 89.119258 -226.807727 -26.425043 89.119258 27.855914 -25.926792 -5.246602 -226.807727 -25.926792 191.083268 34.274133 -26.425043 -5.246602 34.274133 16.714437 260.375435 43.455791 -203.163131 -25.471791 43.455791 18.997038 -25.193455 -5.599665 -203.163131 -25.193455 360.331981 56.411747 -25.471791 -5.599665 56.411747 21.815510 101.369823 23.828068 7.212323 1.070779 23.828068 14.640938 1.166771 0.258615 7.212323 1.166771 320.943308 53.966134 1.070779 0.258615 53.966134 21.990143 210.927687 39.938209 57.077146 8.264178 39.938209 18.881356 8.305541 2.163657 57.077146 8.305541 130.816170 28.037882 8.264178 2.163657 28.037882 15.733319 277.797766 47.992964 -106.551774 -14.665487 47.992964 20.504194 -14.607528 -3.541361 -106.551774 -14.607528 165.394992 32.637537 -14.665487 -3.541361 32.637537 16.767352 160.672747 31.142396 -155.329038 -19.173620 31.142396 16.239579 -19.140658 -4.157850 -155.329038 -19.140658 506.352667 73.685279 -19.173620 -4.157850 73.685279 25.384150 117.722895 25.702664 105.564268 11.920545 25.702664 15.009195 12.174502 2.400221 105.564268 12.174502 772.748997 99.548204 11.920545 2.400221 99.548204 29.900448 393.594608 56.008290 406.479018 43.667591 56.008290 20.724769 44.760492 8.452083 406.479018 44.760492 666.080385 84.450027 43.667591 8.452083 84.450027 26.365823 812.755767 99.718481 398.426540 42.139249 99.718481 28.786859 42.621452 7.958151 398.426540 42.621452 324.207391 47.443278 42.139249 7.958151 47.443278 19.107063 923.200440 113.900244 72.970469 7.417954 113.900244 31.947347 8.001413 1.539041 72.970469 8.001413 107.608395 24.446170 7.417954 1.539041 24.446170 14.769547
674.324059 89.427401 -228.238586 -26.405480 89.427401 27.898270 -26.105946 -5.261757 -228.238586 -26.105946 192.013128 34.289591 -26.405480 -5.261757 34.289591 16.719202 259.458395 43.455620 -203.821972 -25.625774 43.455620 19.009274 -25.360829 -5.628292 -203.821972 -25.360829 363.520374 56.828041 -25.625774 -5.628292 56.828041 21.869707 101.567609 23.862922 9.806751 1.440295 23.862922 14.647419 1.639831 0.332114 9.806751 1.639831 322.912023 54.483348 1.440295 0.332114 54.483348 22.135249 210.154851 39.763962 58.106689 8.606131 39.763962 18.812526 8.543111 2.233731 58.106689 8.543111 132.108375 28.389688 8.606131 2.233731 28.389688 15.825612 276.456335 47.785616 -105.584797 -14.452412 47.785616 20.459068 -14.441214 -3.502176 -105.584797 -14.441214 164.715959 32.484013 -14.452412 -3.502176 32.484013 16.736393 160.013807 31.023400 -153.795772 -18.907381 31.023400 16.206524 -18.872608 -4.100447 -153.795772 -18.872608 502.828786 73.099557 -18.907381 -4.100447 73.099557 25.308349 116.865082 25.534519 102.123107 11.512383 25.534519 14.983301 11.396057 2.312760 102.123107 11.396057 763.968292 98.867573 11.512383 2.312760 98.867573 29.841287 397.522708 56.432280 406.157764 43.645777 56.432280 20.804369 44.747539 8.457104 406.157764 44.747539 657.713677 83.618100 43.645777 8.457104 83.618100 26.229397 809.147869 99.119374 396.312767 42.023113 99.119374 28.746480 42.251329 7.921702 396.312767 42.251329 322.969152 47.357460 42.023113 7.921702 47.357460 19.077844 928.625420 114.413579 71.510278 7.399696 114.413579 32.007468 7.862081 1.514552 71.510278 7.862081 107.310998 24.429765 7.399696 1.514552 24.429765 14.764474
675.484230 89.619243 -228.575794 -26.264014 89.619243 27.912666 -26.149793 -5.262503 -228.575794 -26.149793 192.097545 34.220148 -26.264014 -5.262503 34.220148 16.717042 259.206820 43.466508 -205.399735 -25.856578 43.466508 18.994992 -25.584165 -5.653807 -205.399735 -25.584165 368.022461 57.402407 -25.856578 -5.653807 57.402407 21.959924 101.955910 23.930831 13.563156 1.975968 23.930831 14.660899 2.288833 0.447461 13.563156 2.288833 325.982551 55.008308 1.975968 0.447461 55.008308 22.228268 209.235013 39.595050 59.256567 8.830196 39.595050 18.766258 8.722807 2.265980 59.256567 8.722807 133.617374 28.658911 8.830196 2.265980 28.658911 15.874522 277.705822 48.134322 -103.058268 -13.889875 48.134322 20.529846 -14.108464 -3.420733 -103.058268 -14.108464 161.288989 31.834708 -13.889875 -3.420733 31.834708 16.616455 158.411717 30.726450 -152.067945 -18.704051 30.726450 16.149633 -18.457302 -4.042516 -152.067945 -18.457302 504.845239 73.536362 -18.704051 -4.042516 73.536362 25.399779 116.841811 25.554948 102.555514 11.668601 25.554948 14.990596 11.564738 2.349265 102.555514 11.564738 770.558761 100.117384 11.668601 2.349265 100.117384 30.007549 388.648702 54.552682 402.450560 43.796255 54.552682 20.519442 43.286523 8.359043 402.450560 43.286523 664.485262 85.406579 43.796255 8.359043 85.406579 26.499436 798.193352 97.534127 396.531745 42.716141 97.534127 28.553150 42.083280 7.977167 396.531745 42.083280 326.705921 48.161256 42.716141 7.977167 48.161256 19.203383 932.026384 114.623125 72.054070 7.768240 114.623125 32.029392 7.937552 1.534775 72.054070 7.937552 107.379633 24.466453 7.768240 1.534775 24.466453 14.767241
675.102280 89.591550 -226.885983 -25.846135 89.591550 27.904429 -25.953949 -5.224782 -226.885983 -25.953949 190.817051 33.981033 -25.846135 -5.224782 33.981033 16.688361 258.537270 43.415869 -205.083401 -25.706410 43.415869 18.972726 -25.548945 -5.631230 -205.083401 -25.548945 368.332632 57.248270 -25.706410 -5.631230 57.248270 21.937661 102.306016 23.976338 16.554670 2.345512 23.976338 14.669254 2.626186 0.520193 16.554670 2.626186 335.143499 56.434367 2.345512 0.520193 56.434367 22.458018 210.243014 39.858311 58.770441 8.593504 39.858311 18.814016 8.608764 2.225814 58.770441 8.608764 132.789531 28.390679 8.593504 2.225814 28.390679 15.816386 283.174859 49.063231 -102.907568 -13.891007 49.063231 20.686575 -14.197080 -3.427344 -102.907568 -14.197080 159.310210 31.587221 -13.891007 -3.427344 31.587221 16.574515 160.610971 31.236976 -154.265943 -19.004531 31.236976 16.244809 -19.235847 -4.144797 -154.265943 -19.235847 501.254949 72.856305 -19.004531 -4.144797 72.856305 25.282077 116.948740 25.572968 104.128938 11.900690 25.572968 14.991782 11.767166 2.370847 104.128938 11.767166 786.586875 102.201140 11.900690 2.370847 102.201140 30.241795 382.616818 53.867127 399.389560 43.616816 53.867127 20.466959 42.819080 8.326098 399.389560 42.819080 667.817241 85.868518 43.616816 8.326098 85.868518 26.515714 798.436552 97.953437 397.502013 42.636566 97.953437 28.648992 42.291785 7.979169 397.502013 42.291785 327.728314 48.099527 42.636566 7.979169 48.099527 19.174261 942.820094 115.798385 71.351605 7.557582 115.798385 32.179689 7.820780 1.486854 71.351605 7.820780 107.179622 24.429808 7.557582 1.486854 24.429808 14.757810
673.263985 89.300536 -226.515486 -25.931271 89.300536 27.859430 -25.931151 -5.243440 -226.515486 -25.931151 190.811030 34.051102 -25.931271 -5.243440 34.051102 16.710103 259.476201 43.611186 -205.753069 -25.729376 43.611186 18.993417 -25.712609 -5.644910 -205.753069 -25.712609 368.485813 57.159886 -25.729376 -5.644910 57.159886 21.937327 101.999972 23.889637 14.332638 1.863239 23.889637 14.653298 1.798832 0.409819 14.332638 1.798832 339.518841 56.793399 1.863239 0.409819 56.793399 22.495320 208.710089 39.504730 58.974918 8.689495 39.504730 18.730006 8.639160 2.248981 58.974918 8.639160 133.463927 28.563718 8.689495 2.248981 28.563718 15.866139 288.035540 49.705416 -102.145415 -13.741683 49.705416 20.792254 -14.094929 -3.388604 -102.145415 -14.094929 156.962064 31.259583 -13.741683 -3.388604 31.259583 16.500256 159.168202 30.893851 -151.894526 -18.660268 30.893851 16.172714 -18.617978 -4.051004 -151.894526 -18.617978 498.674403 72.673175 -18.660268 -4.051004 72.673175 25.280480 115.794700 25.366669 100.734696 11.427497 25.366669 14.955954 10.907231 2.248181 100.734696 10.907231 793.192754 102.679786 11.427497 2.248181 102.679786 30.253456 375.145080 52.920773 397.073399 43.576324 52.920773 20.327285 42.311979 8.279242 397.073399 42.311979 676.537673 87.069075 43.576324 8.279242 87.069075 26.680001 790.297451 97.043994 395.490636 42.483649 97.043994 28.522940 42.037792 7.967030 395.490636 42.037792 328.090171 48.166300 42.483649 7.967030 48.166300 19.201824 957.418015 117.328871 65.516879 6.180082 117.328871 32.366084 7.091880 1.307489 65.516879 7.091880 106.146602 24.255202 6.180082 1.307489 24.255202 14.729610
667.958401 88.583716 -226.345097 -26.111616 88.583716 27.763970 -25.908037 -5.263618 -226.345097 -25.908037 191.514630 34.227377 -26.111616 -5.263618 34.227377 16.741435 259.951523 43.639030 -206.422019 -25.797409 43.639030 18.984893 -25.781261 -5.653347 -206.422019 -25.781261 369.420591 57.289901 -25.797409 -5.653347 57.289901 21.973346 101.836843 23.868809 12.935064 1.694734 23.868809 14.653561 1.585725 0.410914 12.935064 1.585725 338.869972 56.391214 1.694734 0.410914 56.391214 22.438917 210.621285 39.897796 60.862302 9.043928 39.897796 18.804906 8.982349 2.316110 60.862302 8.982349 134.963519 28.829377 9.043928 2.316110 28.829377 15.917434 287.211244 49.226159 -103.086008 -14.144156 49.226159 20.705526 -14.180537 -3.426471 -103.086008 -14.180537 158.245293 31.673646 -14.144156 -3.426471 31.673646 16.565631 161.292576 31.361087 -153.236503 -18.853979 31.361087 16.266190 -19.215473 -4.137584 -153.236503 -19.215473 491.462722 71.617564 -18.853979 -4.137584 71.617564 25.110633 116.085462 25.504224 100.144686 11.366199 25.504224 14.982538 11.431488 2.307726 100.144686 11.431488 771.808286 99.465605 11.366199 2.307726 99.465605 29.808777 373.669953 53.168314 396.564842 43.389990 53.168314 20.361960 42.690256 8.289345 396.564842 42.690256 678.166303 86.837636 43.389990 8.289345 86.837636 26.630415 792.028246 97.813125 391.366114 41.420246 97.813125 28.651512 41.823632 7.878410 391.366114 41.823632 322.826836 47.188548 41.420246 7.878410 47.188548 19.059009 961.875540 117.370504 65.165919 6.666128 117.370504 32.354491 7.119736 1.360984 65.165919 7.119736 106.065009 24.294795 6.666128 1.360984 24.294795 14.736932
662.475818 87.861383 -229.682492 -26.962771 87.861383 27.660310 -26.303330 -5.366760 -229.682492 -26.303330 195.111623 34.854544 -26.962771 -5.366760 34.854544 16.843773 256.992736 43.071990 -205.018110 -25.640399 43.071990 18.884383 -25.411665 -5.611159 -205.018110 -25.411665 370.810987 57.573112 -25.640399 -5.611159 57.573112 22.035761 101.949270 23.904399 13.890192 1.926042 23.904399 14.661490 1.962619 0.481470 13.890192 1.962619 337.149669 56.046185 1.926042 0.481470 56.046185 22.418953 216.111580 40.854973 63.370120 9.374297 40.854973 18.971925 9.380013 2.376234 63.370120 9.380013 136.056947 28.939113 9.374297 2.376234 28.939113 15.932652 288.347851 49.392367 -103.715823 -14.211294 49.392367 20.770498 -14.232651 -3.419970 -103.715823 -14.232651 158.590621 31.687273 -14.211294 -3.419970 31.687273 16.537322 161.171505 31.256908 -152.172909 -18.724035 31.256908 16.243107 -18.930735 -4.100616 -152.172909 -18.930735 486.815460 71.239883 -18.724035 -4.100616 71.239883 25.069967 115.469808 25.391632 97.527052 11.049632 25.391632 14.958881 10.907209 2.227621 97.527052 10.907209 764.477343 98.907275 11.049632 2.227621 98.907275 29.799613 378.607772 54.345243 397.107706 43.096900 54.345243 20.520944 43.540380 8.326554 397.107706 43.540380 669.463654 85.192161 43.096900 8.326554 85.192161 26.404503 786.107628 96.869992 391.737835 42.098342 96.869992 28.483777 41.822386 7.951845 391.737835 41.822386 325.167169 47.878497 42.098342 7.951845 47.878497 19.196517 951.775753 115.799112 66.429572 7.311061 115.799112 32.174028 7.273023 1.412751 66.429572 7.273023 106.319193 24.365227 7.311061 1.412751 24.365227 14.745472
661.973360 88.228494 -226.304356 -25.852191 88.228494 27.740478 -25.921459 -5.236537 -226.304356 -25.921459 192.448993 34.186506 -25.852191 -5.236537 34.186506 16.723492 256.542769 43.052904 -206.377375 -25.879796 43.052904 18.884726 -25.616129 -5.648334 -206.377375 -25.616129 375.188018 58.196679 -25.879796 -5.648334 58.196679 22.134339 101.966288 23.906300 13.668295 1.876777 23.906300 14.660594 1.923529 0.465115 13.668295 1.923529 324.723953 54.054696 1.876777 0.465115 54.054696 22.120137 216.619126 40.682569 63.419813 9.247291 40.682569 18.921715 9.260080 2.352188 63.419813 9.260080 135.957153 28.855364 9.247291 2.352188 28.855364 15.921340 291.174549 49.778516 -106.973327 -14.802824 49.778516 20.841587 -14.697016 -3.508325 -106.973327 -14.697016 161.347160 32.157084 -14.802824 -3.508325 32.157084 16.613992 160.245328 31.058191 -150.774395 -18.600501 31.058191 16.215539 -18.596743 -4.069004 -150.774395 -18.596743 485.689732 71.361675 -18.600501 -4.069004 71.361675 25.085463 114.726982 25.291857 94.204232 10.685159 25.291857 14.943413 10.440064 2.166982 94.204232 10.440064 753.845566 97.921798 10.685159 2.166982 97.921798 29.702399 382.338751 54.898645 396.090841 42.812614 54.898645 20.571690 43.683144 8.310939 396.090841 43.683144 659.045893 83.892418 42.812614 8.310939 83.892418 26.264411 776.530613 95.656305 391.846982 42.525539 95.656305 28.315730 41.766281 7.983394 391.846982 41.766281 328.470833 48.499545 42.525539 7.983394 48.499545 19.290482 944.138693 114.965771 67.482940 7.551460 114.965771 32.119503 7.359701 1.420680 67.482940 7.359701 106.532839 24.396459 7.551460 1.420680 24.396459 14.747122
644.064753 85.661569 -226.699852 -26.703240 85.661569 27.344571 -25.924230 -5.351423 -226.699852 -25.924230 195.797640 34.975032 -26.703240 -5.351423 34.975032 16.886562 255.510997 43.020887 -204.450338 -25.488673 43.020887 18.884023 -25.436057 -5.605605 -204.450338 -25.436057 371.890518 57.495688 -25.488673 -5.605605 57.495688 22.021410 102.236155 23.959469 15.478105 2.185900 23.959469 14.670941 2.349756 0.536678 15.478105 2.349756 318.381657 53.491885 2.185900 0.536678 53.491885 22.072434 220.477234 41.289785 65.269440 9.542431 41.289785 19.052475 9.560696 2.419095 65.269440 9.560696 136.825499 28.999587 9.542431 2.419095 28.999587 15.955407 290.319216 49.503401 -108.088502 -14.888628 49.503401 20.791440 -14.739975 -3.514684 -108.088502 -14.739975 162.885812 32.320364 -14.888628 -3.514684 32.320364 16.637806 163.217714 31.658056 -154.115888 -19.098301 31.658056 16.331935 -19.476570 -4.197044 -154.115888 -19.476570 483.714459 71.045973 -19.098301 -4.197044 71.045973 24.997614 114.447336 25.276799 93.466039 10.684642 25.276799 14.940819 10.457144 2.167097 93.466039 10.457144 757.135650 98.793255 10.684642 2.167097 98.793255 29.831685 374.069932 53.151332 391.762734 42.764611 53.151332 20.277628 42.272320 8.196577 391.762734 42.272320 663.463894 85.350103 42.764611 8.196577 85.350103 26.531302 774.373032 95.828876 390.579568 42.071890 95.828876 28.358409 41.764626 7.942556 390.579568 41.764626 327.724432 48.177728 42.071890 7.942556 48.177728 19.227887 938.068989 114.517829 64.279142 6.701104 114.517829 32.107952 6.937455 1.313033 64.279142 6.937455 106.067871 24.299506 6.701104 1.313033 24.299506 14.730327
638.120005 85.424203 -225.999044 -26.426304 85.424203 27.342566 -25.932567 -5.330216 -225.999044 -25.932567 196.247622 34.905862 -26.426304 -5.330216 34.905862 16.868392 251.372124 42.295441 -202.648882 -25.375617 42.295441 18.746334 -25.018262 -5.563306 -202.648882 -25.018262 374.477264 58.088219 -25.375617 -5.563306 58.088219 22.156030 102.211612 23.939228 15.164200 2.083837 23.939228 14.666111 2.142143 0.502427 15.164200 2.142143 313.933331 53.159458 2.083837 0.502427 53.159458 22.010218 218.230595 40.719994 63.334333 9.090003 40.719994 18.960210 9.134617 2.341907 63.334333 9.134617 135.385747 28.690775 9.090003 2.341907 28.690775 15.898831 289.937462 49.487243 -107.031878 -14.525275 49.487243 20.805387 -14.530221 -3.471516 -107.031878 -14.530221 161.806419 31.999639 -14.525275 -3.471516 31.999639 16.583800 164.764739 31.783925 -156.781036 -19.444075 31.783925 16.341536 -19.698768 -4.225109 -156.781036 -19.698768 487.412622 71.685016 -19.444075 -4.225109 71.685016 25.076083 114.012088 25.222075 92.208928 10.563057 25.222075 14.929533 10.276666 2.130924 92.208928 10.276666 761.190208 99.441821 10.563057 2.130924 99.441821 29.891676 377.952495 54.066234 394.345852 42.983243 54.066234 20.459242 43.125643 8.288384 394.345852 43.125643 662.901542 85.007441 42.983243 8.288384 85.007441 26.420262 774.314411 96.145513 388.114950 41.492250 96.145513 28.394791 41.639343 7.894499 388.114950 41.639343 324.893722 47.664206 41.492250 7.894499 47.664206 19.159922 936.786525 114.619044 65.926195 7.290189 114.619044 32.138210 7.188781 1.393888 65.926195 7.188781 106.331811 24.364115 7.290189 1.393888 24.364115 14.742626
636.928228 85.604879 -227.581989 -26.648553 85.604879 27.346157 -26.229409 -5.379701 -227.581989 -26.229409 197.798233 35.095136 -26.648553 -5.379701 35.095136 16.909214 251.493153 42.569171 -201.756670 -25.199847 42.569171 18.805538 -25.155375 -5.568945 -201.756670 -25.155375 371.852105 57.538981 -25.199847 -5.568945 57.538981 22.062213 102.424600 23.979284 16.780523 2.367079 23.979284 14.675501 2.472532 0.571914 16.780523 2.472532 318.936820 54.286379 2.367079 0.571914 54.286379 22.167723 224.717423 42.040521 62.665057 8.877864 42.040521 19.248316 9.115957 2.327210 62.665057 9.115957 132.928382 28.218653 8.877864 2.327210 28.218653 15.807803 289.251361 49.423659 -105.285711 -14.195853 49.423659 20.804505 -14.290116 -3.439132 -105.285711 -14.290116 160.057128 31.699639 -14.195853 -3.439132 31.699639 16.547829 165.686831 31.795414 -159.605674 -19.791643 31.795414 16.340817 -19.844932 -4.253050 -159.605674 -19.844932 495.734791 72.833717 -19.791643 -4.253050 72.833717 25.215856 113.721057 25.205521 90.798584 10.399587 25.205521 14.925543 10.211574 2.107752 90.798584 10.211574 755.940784 98.668167 10.399587 2.107752 98.668167 29.757356 375.950516 53.676512 393.226490 42.931409 53.676512 20.388452 42.795066 8.250932 393.226490 42.795066 663.780863 85.255323 42.931409 8.250932 85.255323 26.457512 775.916425 96.423952 387.391247 41.412900 96.423952 28.409354 41.653762 7.893334 387.391247 41.653762 323.529999 47.535177 41.412900 7.893334 47.535177 19.153921 931.523309 114.137520 66.766829 7.464969 114.137520 32.077939 7.284012 1.411169 66.766829 7.284012 106.498771 24.388880 7.464969 1.411169 24.388880 14.745842
637.656542 85.989604 -225.695133 -26.020675 85.989604 27.377364 -26.070836 -5.316269 -225.695133 -26.070836 196.073596 34.693544 -26.020675 -5.316269 34.693544 16.849189 252.104376 42.720352 -201.939482 -25.247578 42.720352 18.814673 -25.281768 -5.578896 -201.939482 -25.281768 371.241645 57.500406 -25.247578 -5.578896 57.500406 22.072249 102.690774 24.021524 18.673425 2.643689 24.021524 14.683972 2.778468 0.627800 18.673425 2.778468 324.838657 55.142605 2.643689 0.627800 55.142605 22.248044 228.037679 42.428804 60.955598 8.581900 42.428804 19.315759 8.848273 2.272364 60.955598 8.848273 130.423823 27.857524 8.581900 2.272364 27.857524 15.739680 289.027366 49.386158 -105.697506 -14.417415 49.386158 20.798490 -14.411983 -3.482337 -105.697506 -14.411983 160.588859 31.904043 -14.417415 -3.482337 31.904043 16.598088 166.399075 31.873255 -160.624784 -19.819132 31.873255 16.363129 -19.913203 -4.265956 -160.624784 -19.913203 496.427431 72.595941 -19.819132 -4.265956 72.595941 25.142683 112.580375 25.025002 86.182899 9.825003 25.025002 14.893722 9.349912 1.982487 86.182899 9.349912 749.910096 97.997609 9.825003 1.982487 97.997609 29.672035 368.919566 52.421618 391.869358 43.072202 52.421618 20.184356 42.023514 8.188914 391.869358 42.023514 674.588830 86.993928 43.072202 8.188914 86.993928 26.715024 779.719679 96.984339 385.924795 41.072376 96.984339 28.477953 41.584896 7.855338 385.924795 41.584896 320.612824 47.120817 41.072376 7.855338 47.120817 19.088929 918.228352 112.697359 66.492533 7.399420 112.697359 31.899522 7.237855 1.404077 66.492533 7.237855 106.541250 24.389493 7.399420 1.404077 24.389493 14.745882
646.897620 87.473642 -222.104869 -24.983919 87.473642 27.570165 -25.759028 -5.202824 -222.104869 -25.759028 191.525306 33.889348 -24.983919 -5.202824 33.889348 16.725681 249.380943 42.211368 -200.239301 -25.079961 42.211368 18.714686 -24.915453 -5.529283 -200.239301 -24.915453 371.593096 57.703307 -25.079961 -5.529283 57.703307 22.119819 102.853083 24.037927 19.659221 2.739256 24.037927 14.687487 2.851477 0.646211 19.659221 2.851477 325.605709 54.959071 2.739256 0.646211 54.959071 22.175595 229.554003 42.445972 62.433502 9.078568 42.445972 19.328634 9.134132 2.344783 62.433502 9.134132 131.489403 28.233605 9.078568 2.344783 28.233605 15.804089 295.444595 50.534859 -107.347690 -14.594674 50.534859 21.001981 -14.729846 -3.511943 -107.347690 -14.729846 160.436905 31.824281 -14.594674 -3.511943 31.824281 16.568187 169.203898 32.327809 -164.415246 -20.261168 32.327809 16.446220 -20.582380 -4.365155 -164.415246 -20.582380 498.249317 72.614129 -20.261168 -4.365155 72.614129 25.136008 113.896889 25.327543 90.703622 10.491750 25.327543 14.945221 10.830705 2.166615 90.703622 10.830705 745.781858 97.540565 10.491750 2.166615 97.540565 29.605976 360.520163 51.203071 390.956941 43.177180 51.203071 19.996519 41.442905 8.136278 390.956941 41.442905 690.412689 89.046065 43.177180 8.136278 89.046065 26.994601 783.005921 97.327100 384.696044 40.912934 97.327100 28.516354 41.476922 7.828567 384.696044 41.476922 318.166267 46.862316 40.912934 7.828567 46.862316 19.046736 902.393392 111.130547 65.867398 7.314437 111.130547 31.717743 7.173969 1.400612 65.867398 7.173969 106.544939 24.387958 7.314437 1.400612 24.387958 14.746515
651.319583 87.715489 -222.319759 -25.356339 87.715489 27.554244 -25.821192 -5.243624 -222.319759 -25.821192 190.965971 34.028573 -25.356339 -5.243624 34.028573 16.760950 247.831588 42.001797 -200.357448 -25.179756 42.001797 18.678647 -24.918633 -5.534325 -200.357448 -24.918633 374.772023 58.233514 -25.179756 -5.534325 58.233514 22.201185 102.664831 23.988648 18.417784 2.488635 23.988648 14.679264 2.467424 0.594962 18.417784 2.467424 322.385538 54.282082 2.488635 0.594962 54.282082 22.069226 228.755957 42.185677 62.925724 9.170497 42.185677 19.310051 9.147380 2.336153 62.925724 9.147380 132.160219 28.347108 9.170497 2.336153 28.347108 15.798810 298.716254 50.822287 -108.986610 -14.853043 50.822287 21.024957 -14.914872 -3.540729 -108.986610 -14.914872 161.247066 31.981390 -14.853043 -3.540729 31.981390 16.592757 171.244136 32.567255 -166.548370 -20.440208 32.567255 16.486561 -20.820229 -4.402551 -166.548370 -20.820229 496.759328 72.255205 -20.440208 -4.402551 72.255205 25.087282 113.652578 25.227542 90.082390 10.348138 25.227542 14.919456 10.360039 2.082530 90.082390 10.360039 749.226348 98.214417 10.348138 2.082530 98.214417 29.700801 360.807438 51.946063 389.502993 42.598320 51.946063 20.125863 42.104964 8.155029 389.502993 42.104964 685.381177 87.491765 42.598320 8.155029 87.491765 26.742483 784.527482 97.263724 386.054651 41.383204 97.263724 28.495439 41.560665 7.861231 386.054651 41.560665 319.215401 47.195331 41.383204 7.861231 47.195331 19.089520 897.960941 111.093007 68.677666 7.965981 111.093007 31.722666 7.552631 1.489260 68.677666 7.552631 107.050286 24.476188 7.965981 1.489260 24.476188 14.761810
651.997712 87.516742 -222.342529 -25.561204 87.516742 27.519314 -25.776085 -5.239705 -222.342529 -25.776085 190.873677 34.126500 -25.561204 -5.239705 34.126500 16.762678 246.606728 41.838792 -201.253653 -25.340607 41.838792 18.641129 -25.009273 -5.543746 -201.253653 -25.009273 379.550738 58.894123 -25.340607 -5.543746 58.894123 22.299452 102.911741 24.047519 19.625400 2.732416 24.047519 14.693586 2.835198 0.673230 19.625400 2.835198 317.663305 53.562356 2.732416 0.673230 53.562356 21.974501 228.366507 42.137010 63.285265 9.200270 42.137010 19.327741 9.166028 2.336590 63.285265 9.166028 132.609056 28.382771 9.200270 2.336590 28.382771 15.794561 302.052654 51.221192 -108.859563 -14.660507 51.221192 21.102408 -14.824856 -3.505211 -108.859563 -14.824856 160.113138 31.709410 -14.660507 -3.505211 31.709410 16.531119 170.796387 32.352136 -165.663538 -20.271735 32.352136 16.454889 -20.405034 -4.364834 -165.663538 -20.405034 495.077400 72.084821 -20.271735 -4.364834 72.084821 25.083277 113.607694 25.208592 90.380448 10.374987 25.208592 14.916920 10.314183 2.079493 90.380448 10.314183 755.815696 99.064658 10.374987 2.079493 99.064658 29.790474 357.984063 51.596400 387.496422 42.335843 51.596400 20.026036 41.862747 8.104586 387.496422 41.862747 685.729957 87.524270 42.335843 8.104586 87.524270 26.812158 779.504550 96.476310 384.975520 41.439572 96.476310 28.398830 41.317976 7.843117 384.975520 41.317976 319.603710 47.342177 41.439572 7.843117 47.342177 19.099832 897.115052 111.312100 71.817394 8.443676 111.312100 31.730087 7.917373 1.552047 71.817394 7.917373 107.610773 24.550894 8.443676 1.552047 24.550894 14.773297
647.668278 86.550109 -228.121396 -27.061576 86.550109 27.371239 -26.373535 -5.398270 -228.121396 -26.373535 196.355552 35.156228 -27.061576 -5.398270 35.156228 16.920161 247.826790 42.272412 -199.677831 -24.901808 42.272412 18.721223 -25.059792 -5.515563 -199.677831 -25.059792 372.935753 57.545583 -24.901808 -5.515563 57.545583 22.070443 102.755577 24.005330 18.700248 2.558102 24.005330 14.684639 2.541821 0.625097 18.700248 2.541821 316.485566 53.596878 2.558102 0.625097 53.596878 22.003809 224.964729 41.510014 64.169602 9.431242 41.510014 19.215381 9.276906 2.377750 64.169602 9.276906 134.391864 28.722777 9.431242 2.377750 28.722777 15.866661 302.227248 51.130422 -106.010033 -14.075744 51.130422 21.109810 -14.347039 -3.415843 -106.010033 -14.347039 157.020175 31.172052 -14.075744 -3.415843 31.172052 16.434592 168.915115 32.010915 -162.812047 -19.916774 32.010915 16.414392 -19.823374 -4.311321 -162.812047 -19.823374 492.195352 71.795947 -19.916774 -4.311321 71.795947 25.058100 113.283909 25.153911 89.262208 10.216369 25.153911 14.909098 10.062849 2.048250 89.262208 10.062849 756.723582 99.000204 10.216369 2.048250 99.000204 29.756010 361.882032 52.439323 388.880247 42.296963 52.439323 20.141154 42.590582 8.156490 388.880247 42.590582 681.111544 86.659598 42.296963 8.156490 86.659598 26.707250 780.236120 96.818888 382.609168 40.852946 96.818888 28.478692 41.129880 7.779605 382.609168 41.129880 316.693867 46.794696 40.852946 7.779605 46.794696 19.002523 896.155316 111.376883 69.875412 7.642086 111.376883 31.709256 7.631589 1.463022 69.875412 7.631589 107.272692 24.453230 7.642086 1.463022 24.453230 14.757026
647.687999 86.629346 -231.589988 -27.315485 86.629346 27.404330 -26.692856 -5.416499 -231.589988 -26.692856 199.262419 35.388163 -27.315485 -5.416499 35.388163 16.930615 251.879979 42.921176 -201.925531 -25.194705 42.921176 18.811259 -25.535868 -5.575535 -201.925531 -25.535868 371.611674 57.407744 -25.194705 -5.575535 57.407744 22.071180 102.457912 23.950629 17.048891 2.310557 23.950629 14.675404 2.175120 0.570980 17.048891 2.175120 320.512331 54.411545 2.310557 0.570980 54.411545 22.135961 225.126632 41.696418 65.372286 9.587072 41.696418 19.258077 9.471597 2.413417 65.372286 9.471597 135.598227 28.857170 9.587072 2.413417 28.857170 15.892165 299.615779 50.594852 -105.135490 -14.174872 50.594852 21.041316 -14.239741 -3.432271 -105.135490 -14.239741 156.821799 31.317273 -14.174872 -3.432271 31.317273 16.470074 168.785576 32.093019 -162.065884 -19.894950 32.093019 16.445460 -19.905055 -4.339663 -162.065884 -19.905055 489.355973 71.465616 -19.894950 -4.339663 71.465616 25.014545 114.013661 25.305268 91.890342 10.564509 25.305268 14.935645 10.781597 2.141415 91.890342 10.781597 756.584940 98.810897 10.564509 2.141415 98.810897 29.719350 362.724877 52.409522 389.436800 42.382653 52.409522 20.107235 42.566416 8.149825 389.436800 42.566416 680.888917 86.816674 42.382653 8.149825 86.816674 26.762246 784.856807 97.438353 383.294740 40.938344 97.438353 28.559010 41.273547 7.794657 383.294740 41.273547 316.004433 46.728551 40.938344 7.794657 46.728551 18.994292 901.340181 112.109300 66.229136 6.774333 112.109300 31.773565 7.217144 1.375768 66.229136 7.217144 106.613234 24.339970 6.774333 1.375768 24.339970 14.742346
653.421961 87.601042 -231.569261 -26.664049 87.601042 27.550106 -26.668583 -5.355672 -231.569261 -26.668583 198.226624 34.930924 -26.664049 -5.355672 34.930924 16.852253 252.188091 42.718807 -203.060393 -25.411436 42.718807 18.757198 -25.475516 -5.577285 -203.060393 -25.475516 374.097383 57.982551 -25.411436 -5.577285 57.982551 22.172127 102.344122 23.944548 16.524356 2.283966 23.944548 14.674949 2.171868 0.571196 16.524356 2.171868 326.195726 55.245097 2.283966 0.571196 55.245097 22.247361 220.880107 40.936289 65.035767 9.505657 40.936289 19.097801 9.357490 2.405080 65.035767 9.357490 136.457374 28.974553 9.505657 2.405080 28.974553 15.929145 294.567185 49.842353 -103.447806 -14.036927 49.842353 20.946482 -13.995383 -3.400265 -103.447806 -13.995383 156.454737 31.326928 -14.036927 -3.400265 31.326928 16.462625 168.148625 32.045858 -160.098381 -19.673737 32.045858 16.440475 -19.719615 -4.313844 -160.098381 -19.719615 483.586009 70.762645 -19.673737 -4.313844 70.762645 24.919543 113.878091 25.243832 91.752100 10.498391 25.243832 14.921628 10.496034 2.097993 91.752100 10.496034 761.533560 99.433070 10.498391 2.097993 99.433070 29.809508 372.028596 54.057036 391.703189 42.275177 54.057036 20.380329 43.623304 8.233526 391.703189 43.623304 667.537179 84.704364 42.275177 8.233526 84.704364 26.436047 793.642041 98.615544 382.691015 40.528722 98.615544 28.720852 41.300891 7.751434 382.691015 41.300891 312.612456 46.156095 40.528722 7.751434 46.156095 18.897751 913.464335 113.514013 62.024170 6.025596 113.514013 31.917878 6.778837 1.291134 62.024170 6.778837 105.867493 24.241387 6.025596 1.291134 24.241387 14.729511
662.063069 88.654792 -232.815491 -26.596172 88.654792 27.672379 -26.835701 -5.374795 -232.815491 -26.835701 197.762000 34.789516 -26.596172 -5.374795 34.789516 16.847042 247.888231 41.805930 -202.630519 -25.480889 41.805930 18.604323 -25.023801 -5.539338 -202.630519 -25.023801 380.925495 59.168954 -25.480889 -5.539338 59.168954 22.357754 102.515749 23.989435 17.706396 2.505281 23.989435 14.682377 2.535408 0.620103 17.706396 2.535408 327.629680 55.203457 2.505281 0.620103 55.203457 22.217549 217.989752 40.556256 65.880654 9.703628 40.556256 19.021293 9.515938 2.453410 65.880654 9.515938 138.281903 29.294148 9.703628 2.453410 29.294148 16.006226 285.560983 48.545558 -100.783004 -13.771652 48.545558 20.746040 -13.608751 -3.350221 -100.783004 -13.608751 156.207001 31.355796 -13.771652 -3.350221 31.355796 16.467953 166.401449 31.728324 -158.623230 -19.587180 31.728324 16.380270 -19.354837 -4.268179 -158.623230 -19.354837 486.631431 71.524957 -19.587180 -4.268179 71.524957 25.051433 115.279221 25.506949 96.090133 11.034723 25.506949 14.968619 11.603443 2.245580 96.090133 11.603443 753.865166 98.213304 11.034723 2.245580 98.213304 29.635435 376.455823 54.303439 393.584165 42.567232 54.303439 20.397396 43.618225 8.248698 393.584165 43.618225 663.775740 84.631641 42.567232 8.248698 84.631641 26.444106 793.096749 98.003580 385.728832 41.521817 98.003580 28.601084 41.455386 7.838133 385.728832 41.455386 316.152927 46.980501 41.521817 7.838133 46.980501 19.029583 925.790637 114.682371 58.482350 5.618789 114.682371 32.027247 6.426042 1.229662 58.482350 6.426042 105.278896 24.184465 5.618789 1.229662 24.184465 14.720661
667.780529 89.208216 -231.188606 -26.110060 89.208216 27.739393 -26.614535 -5.323469 -231.188606 -26.614535 195.454976 34.408195 -26.110060 -5.323469 34.408195 16.794662 246.787470 41.762791 -203.733674 -25.607419 41.762791 18.616027 -25.201062 -5.565683 -203.733674 -25.201062 386.101321 59.684279 -25.607419 -5.565683 59.684279 22.410480 102.315045 23.940688 16.507463 2.259985 23.940688 14.670348 2.166908 0.544044 16.507463 2.166908 331.574420 55.729219 2.259985 0.544044 55.729219 22.319014 219.397580 40.986302 67.350108 9.894318 40.986302 19.086016 9.788595 2.499575 67.350108 9.788595 139.488862 29.419772 9.894318 2.499575 29.419772 16.036153 281.721923 48.308470 -100.120398 -13.788276 48.308470 20.715615 -13.631695 -3.357015 -100.120398 -13.631695 156.638631 31.451729 -13.788276 -3.357015 31.451729 16.485020 167.073329 31.977266 -158.710065 -19.622124 31.977266 16.429854 -19.674129 -4.303584 -158.710065 -19.674129 483.117987 70.923387 -19.622124 -4.303584 70.923387 24.931108 115.228190 25.419033 96.121020 10.964924 25.419033 14.949446 11.153287 2.189624 96.121020 11.153287 756.539524 98.737946 10.964924 2.189624 98.737946 29.731633 378.571796 54.391409 392.591486 42.469782 54.391409 20.436388 43.354330 8.236469 392.591486 43.354330 656.672669 83.956994 42.469782 8.236469 83.956994 26.328117 783.190536 96.634046 382.837520 41.283912 96.634046 28.443005 40.963452 7.785445 382.837520 40.963452 316.016507 47.001425 41.283912 7.785445 47.001425 19.020443 938.509833 115.733354 62.136803 6.900830 115.733354 32.127789 6.929938 1.360111 62.136803 6.929938 105.743388 24.308010 6.900830 1.360111 24.308010 14.737608
663.378205 88.178620 -232.130011 -26.740353 88.178620 27.584556 -26.651570 -5.395401 -232.130011 -26.651570 196.969670 34.855177 -26.740353 -5.395401 34.855177 16.879067 245.329425 41.565276 -204.891263 -25.736208 41.565276 18.567639 -25.288481 -5.573480 -204.891263 -25.288481 392.264544 60.396204 -25.736208 -5.573480 60.396204 22.530212 102.468439 23.979801 17.516890 2.448244 23.979801 14.678519 2.486473 0.598337 17.516890 2.486473 330.718219 55.392796 2.448244 0.598337 55.392796 22.269332 223.727133 41.756748 69.398715 10.143258 41.756748 19.194103 10.124612 2.552943 69.398715 10.124612 140.418060 29.503165 10.143258 2.552943 29.503165 16.060667 285.706449 49.317811 -100.342396 -13.722191 49.317811 20.868442 -13.798933 -3.351511 -100.342396 -13.798933 155.684624 31.203880 -13.722191 -3.351511 31.203880 16.432704 168.275250 32.219402 -158.969667 -19.643955 32.219402 16.465357 -19.897269 -4.319356 -158.969667 -19.897269 477.510258 70.136483 -19.643955 -4.319356 70.136483 24.807763 115.058287 25.374745 95.189880 10.834646 25.374745 14.947034 10.891246 2.176034 95.189880 10.891246 751.719625 98.121772 10.834646 2.176034 98.121772 29.649274 379.642794 54.383632 391.905483 42.508872 54.383632 20.465983 43.130001 8.239131 391.905483 43.130001 652.605018 83.716086 42.508872 8.239131 83.716086 26.272069 786.611909 97.440557 381.989547 40.819713 97.440557 28.592192 41.012824 7.749157 381.989547 41.012824 313.997738 46.516998 40.819713 7.749157 46.516998 18.933025 939.398144 115.372336 56.711056 5.538695 115.372336 32.079028 6.181248 1.154912 56.711056 6.181248 104.970468 24.161597 5.538695 1.154912 24.161597 14.709082
655.302705 86.976448 -233.989999 -27.369446 86.976448 27.443179 -26.795626 -5.459727 -233.989999 -26.795626 199.932264 35.391575 -27.369446 -5.459727 35.391575 16.959195 244.120118 41.445091 -205.065669 -25.657134 41.445091 18.532453 -25.308014 -5.563373 -205.065669 -25.308014 395.226842 60.563408 -25.657134 -5.563373 60.563408 22.570983 102.481736 23.974993 17.819524 2.468909 23.974993 14.676200 2.473710 0.590085 17.819524 2.473710 336.154921 56.291069 2.468909 0.590085 56.291069 22.446207 226.995000 42.155865 70.054684 10.105252 42.155865 19.240873 10.161138 2.551107 70.054684 10.161138 140.124784 29.376812 10.105252 2.551107 29.376812 16.043806 293.881481 50.671826 -100.917944 -13.660150 50.671826 21.052682 -13.947984 -3.338829 -100.917944 -13.947984 153.977224 30.871301 -13.660150 -3.338829 30.871301 16.369324 167.634426 31.999760 -158.738272 -19.656357 31.999760 16.415968 -19.634774 -4.283840 -158.738272 -19.634774 480.027493 70.782114 -19.656357 -4.283840 70.782114 24.916441 114.834703 25.347724 93.728531 10.677997 25.347724 14.947360 10.699395 2.167372 93.728531 10.699395 742.177846 96.998605 10.677997 2.167372 96.998605 29.511247 378.894139 54.294073 388.188789 42.123689 54.294073 20.492320 42.689235 8.202678 388.188789 42.689235 643.651968 82.736585 42.123689 8.202678 82.736585 26.115683 788.955321 97.764953 381.873880 40.806009 97.764953 28.628492 41.047382 7.755588 381.873880 41.047382 313.143306 46.428625 40.806009 7.755588 46.428625 18.929080 919.300243 112.642916 55.040926 5.718239 112.642916 31.765613 6.016048 1.168390 55.040926 6.016048 104.834425 24.174722 5.718239 1.168390 24.174722 14.711667
645.245325 85.801751 -235.001114 -27.633641 85.801751 27.310275 -26.862352 -5.492448 -235.001114 -26.862352 202.628986 35.755345 -27.633641 -5.492448 35.755345 17.013725 244.190573 41.633193 -203.220821 -25.220040 41.633193 18.561358 -25.252604 -5.533339 -203.220821 -25.252604 389.819792 59.475889 -25.220040 -5.533339 59.475889 22.423426 102.932061 24.062632 20.913445 2.963314 24.062632 14.693538 3.134084 0.701136 20.913445 3.134084 344.356646 57.452397 2.963314 0.701136 57.452397 22.635544 228.548681 42.250975 69.360650 9.886464 42.250975 19.261829 9.991312 2.521560 69.360650 9.991312 138.889917 29.136122 9.886464 2.521560 29.136122 16.005588 298.551645 51.048647 -102.391054 -13.948815 51.048647 21.068984 -14.120252 -3.366993 -102.391054 -14.120252 154.235932 31.011573 -13.948815 -3.366993 31.011573 16.394185 170.646191 32.618064 -160.759302 -19.885366 32.618064 16.537369 -20.334861 -4.377036 -160.759302 -20.334861 472.934150 69.574354 -19.885366 -4.377036 69.574354 24.692049 114.126783 25.237160 90.713208 10.345932 25.237160 14.931489 10.163451 2.106991 90.713208 10.163451 734.315022 96.296126 10.345932 2.106991 96.296126 29.441261 371.767057 53.048633 383.764141 42.026432 53.048633 20.316870 41.642961 8.129359 383.764141 41.642961 645.323389 83.594692 42.026432 8.129359 83.594692 26.256209 775.182237 95.686332 380.977064 41.416972 95.686332 28.328583 40.734984 7.801174 380.977064 40.734984 316.464555 47.251304 41.416972 7.801174 47.251304 19.075669 917.625174 112.813637 53.548028 5.579877 112.813637 31.857268 5.864138 1.135383 53.548028 5.864138 104.642801 24.154970 5.579877 1.135383 24.154970 14.706761
648.924240 86.794718 -236.006331 -27.331216 86.794718 27.473297 -27.082409 -5.483083 -236.006331 -27.082409 202.810497 35.535931 -27.331216 -5.483083 35.535931 16.973715 245.433350 41.910733 -202.044647 -25.011415 41.910733 18.601387 -25.275987 -5.530777 -202.044647 -25.275987 384.028789 58.666375 -25.011415 -5.530777 58.666375 22.338328 103.690731 24.193739 24.824028 3.502567 24.193739 14.718494 3.846670 0.816036 24.824028 3.846670 342.635683 56.781156 3.502567 0.816036 56.781156 22.511868 228.192485 42.076512 68.251222 9.712536 42.076512 19.252500 9.800626 2.498793 68.251222 9.800626 137.792455 28.991631 9.712536 2.498793 28.991631 15.983752 305.766765 51.950506 -104.830107 -14.267761 51.950506 21.226383 -14.425413 -3.401949 -104.830107 -14.425413 154.833857 31.095997 -14.267761 -3.401949 31.095997 16.387950 174.904455 33.284326 -164.179929 -20.294355 33.284326 16.650106 -21.029325 -4.469714 -164.179929 -21.029325 466.550154 68.713114 -20.294355 -4.469714 68.713114 24.551625 113.893130 25.221420 90.496841 10.411014 25.221420 14.929819 10.191070 2.114948 90.496841 10.191070 742.821371 97.755433 10.411014 2.114948 97.755433 29.642514 364.052236 51.954917 381.402390 42.130228 51.954917 20.168682 41.015908 8.090474 381.402390 41.015908 654.419884 85.124150 42.130228 8.090474 85.124150 26.461619 762.710134 94.339231 379.616448 41.476004 94.339231 28.175730 40.549797 7.801925 379.616448 40.549797 318.957803 47.624082 41.476004 7.801925 47.624082 19.128384 925.879910 114.055611 58.183089 6.794936 114.055611 32.033207 6.459211 1.271839 58.183089 6.459211 105.236669 24.272984 6.794936 1.271839 24.272984 14.724722
652.650235 87.672565 -229.359138 -25.627373 87.672565 27.599449 -26.370788 -5.300364 -229.359138 -26.370788 196.523667 34.362700 -25.627373 -5.300364 34.362700 16.799188 245.924274 41.928644 -201.540962 -25.023231 41.928644 18.598784 -25.225315 -5.533562 -201.540962 -25.225315 381.659113 58.580434 -25.023231 -5.533562 58.580434 22.351583 104.094286 24.229658 26.296925 3.603300 24.229658 14.724794 3.886946 0.834084 26.296925 3.886946 334.734985 55.421380 3.603300 0.834084 55.421380 22.321390 228.993467 42.245708 67.146172 9.539145 42.245708 19.315377 9.657776 2.472540 67.146172 9.657776 136.394989 28.778450 9.539145 2.472540 28.778450 15.938173 305.986923 51.591331 -105.736961 -14.399982 51.591331 21.172327 -14.405159 -3.406340 -105.736961 -14.405159 155.708730 31.248372 -14.399982 -3.406340 31.248372 16.405903 173.700933 32.751204 -164.013525 -20.308238 32.751204 16.546568 -20.366211 -4.400779 -164.013525 -20.366211 471.843469 69.935241 -20.308238 -4.400779 69.935241 24.748943 113.316095 25.143575 88.488115 10.176719 25.143575 14.915718 9.866815 2.061784 88.488115 9.866815 743.716611 97.812632 10.176719 2.061784 97.812632 29.617344 356.245330 51.052437 378.791225 41.999936 51.052437 20.034038 40.566362 8.037320 378.791225 40.566362 663.567752 86.271080 41.999936 8.037320 86.271080 26.608584 756.756032 94.037794 379.647220 41.443392 94.037794 28.147332 40.670426 7.815840 379.647220 40.670426 320.970388 47.780798 41.443392 7.815840 47.780798 19.153968 934.619297 115.061649 62.201821 7.380895 115.061649 32.141151 6.869330 1.327533 62.201821 6.869330 105.773051 24.342016 7.380895 1.327533 24.342016 14.732917
657.942128 88.249095 -228.126939 -25.701708 88.249095 27.644630 -26.342256 -5.326487 -228.126939 -26.342256 194.596082 34.288403 -25.701708 -5.326487 34.288403 16.813995 243.517548 41.471558 -199.307809 -24.825121 41.471558 18.528995 -24.802846 -5.487652 -199.307809 -24.802846 380.115102 58.605441 -24.825121 -5.487652 58.605441 22.358699 103.905218 24.158116 25.334421 3.390014 24.158116 14.714067 3.447175 0.794794 25.334421 3.447175 332.673801 55.396784 3.390014 0.794794 55.396784 22.366786 226.435196 41.774001 64.994268 9.230989 41.774001 19.245234 9.319609 2.413156 64.994268 9.319609 134.844240 28.570576 9.230989 2.413156 28.570576 15.894778 305.048205 51.290464 -107.002897 -14.624438 51.290464 21.156704 -14.504820 -3.441393 -107.002897 -14.504820 157.281122 31.499267 -14.624438 -3.441393 31.499267 16.446878 173.136869 32.605274 -164.894506 -20.466089 32.605274 16.544063 -20.303141 -4.420173 -164.894506 -20.303141 478.755350 70.905968 -20.466089 -4.420173 70.905968 24.849123 111.905542 24.920845 83.516958 9.565056 24.920845 14.877569 8.851467 1.917308 83.516958 8.851467 748.651598 98.436745 9.565056 1.917308 98.436745 29.688789 352.484003 50.830312 379.304473 42.064132 50.830312 19.976599 40.785884 8.036533 379.304473 40.785884 673.531524 87.235423 42.064132 8.036533 87.235423 26.735035 754.194967 94.033005 380.808845 41.543021 94.033005 28.124199 40.916561 7.847472 380.808845 40.916561 323.185919 47.986663 41.543021 7.847472 47.986663 19.197817 933.266782 114.671453 62.205462 6.987693 114.671453 32.070416 6.770516 1.281844 62.205462 6.770516 105.780578 24.307884 6.987693 1.281844 24.307884 14.726154
653.633217 87.401310 -226.406095 -25.869469 87.401310 27.514241 -26.118164 -5.323453 -226.406095 -26.118164 193.908246 34.409213 -25.869469 -5.323453 34.409213 16.832403 241.631064 41.265151 -197.176326 -24.611643 41.265151 18.513607 -24.562251 -5.459088 -197.176326 -24.562251 377.845013 58.374375 -24.611643 -5.459088 58.374375 22.308649 103.325780 24.048063 22.468244 2.961245 24.048063 14.699025 2.800858 0.720679 22.468244 2.800858 331.691669 55.447870 2.961245 0.720679 55.447870 22.380220 226.470293 41.934513 62.748394 8.867697 41.934513 19.301376 9.025922 2.346598 62.748394 9.025922 132.551928 28.197943 8.867697 2.346598 28.197943 15.812736 304.206054 51.169879 -107.775492 -14.698866 51.169879 21.167320 -14.570398 -3.462260 -107.775492 -14.570398 158.329290 31.607929 -14.698866 -3.462260 31.607929 16.466266 173.472087 32.730557 -165.300150 -20.471307 32.730557 16.580800 -20.450459 -4.443703 -165.300150 -20.450459 478.843368 70.597841 -20.471307 -4.443703 70.597841 24.763187 111.824718 24.987795 83.120537 9.594948 24.987795 14.888923 9.286080 1.960660 83.120537 9.286080 747.249247 98.039491 9.594948 1.960660 98.039491 29.616367 352.673644 51.076031 382.893904 42.354509 51.076031 19.966059 41.443085 8.071863 382.893904 41.443085 683.979739 88.123383 42.354509 8.071863 88.123383 26.858074 753.199950 94.022639 383.356531 41.880178 94.022639 28.080853 41.254573 7.898310 383.356531 41.254573 326.511056 48.388097 41.880178 7.898310 48.388097 19.271760 936.596861 114.956026 66.305605 7.776596 114.956026 32.101341 7.250024 1.397881 66.305605 7.250024 106.393797 24.405786 7.776596 1.397881 24.405786 14.744271
643.842080 86.033975 -225.115236 -26.100355 86.033975 27.344014 -25.924250 -5.323544 -225.115236 -25.924250 194.509641 34.657253 -26.100355 -5.323544 34.657253 16.861088 244.255630 41.876148 -197.951503 -24.724109 41.876148 18.627264 -24.962536 -5.503227 -197.951503 -24.962536 374.916687 57.905609 -24.724109 -5.503227 57.905609 22.212054 102.918945 24.000340 20.429011 2.741189 24.000340 14.693612 2.528517 0.690119 20.429011 2.528517 334.829338 56.072720 2.741189 0.690119 56.072720 22.471214 232.927979 43.178566 63.034883 8.976233 43.178566 19.532865 9.194788 2.358672 63.034883 9.194788 131.289837 28.042866 8.976233 2.358672 28.042866 15.770169 308.830798 52.090931 -107.246820 -14.352920 52.090931 21.348717 -14.518726 -3.429464 -107.246820 -14.518726 156.514463 31.149226 -14.352920 -3.429464 31.149226 16.382732 170.223054 32.119979 -162.175191 -20.052284 32.119979 16.470341 -19.644716 -4.334650 -162.175191 -19.644716 481.817215 71.056599 -20.052284 -4.334650 71.056599 24.857406 112.560315 25.147610 85.945857 9.967546 25.147610 14.909670 10.127105 2.040611 85.945857 10.127105 747.495976 97.979671 9.967546 2.040611 97.979671 29.610370 350.312663 50.691245 384.354904 42.402797 50.691245 19.852897 41.436085 8.038238 384.354904 41.436085 694.004038 89.104416 42.402797 8.038238 89.104416 27.017466 760.610641 95.273527 384.074475 41.369787 95.273527 28.232252 41.515410 7.865100 384.074475 41.515410 324.814842 47.812708 41.369787 7.865100 47.812708 19.179961 920.924347 112.974691 60.957585 6.288089 112.974691 31.864517 6.535041 1.228246 60.957585 6.535041 105.665342 24.247825 6.288089 1.228246 24.247825 14.719191
645.940378 86.577346 -227.640449 -26.524852 86.577346 27.445145 -26.292758 -5.367167 -227.640449 -26.292758 196.247076 34.893744 -26.524852 -5.367167 34.893744 16.880015 248.568057 42.594000 -199.408429 -24.864670 42.594000 18.740211 -25.347815 -5.537219 -199.408429 -25.347815 370.840754 57.296228 -24.864670 -5.537219 57.296228 22.098683 102.776471 24.001208 19.756721 2.720264 24.001208 14.692489 2.576325 0.686851 19.756721 2.576325 338.339816 56.554894 2.720264 0.686851 56.554894 22.525256 234.263749 43.051968 66.940945 9.930987 43.051968 19.469084 9.827488 2.494069 66.940945 9.827488 134.811106 28.853946 9.930987 2.494069 28.853946 15.917651 304.490936 51.168253 -106.083465 -14.322939 51.168253 21.174136 -14.301753 -3.429394 -106.083465 -14.301753 156.471901 31.268460 -14.322939 -3.429394 31.268460 16.429264 168.083553 31.836927 -161.324885 -20.009877 31.836927 16.423904 -19.463880 -4.315078 -161.324885 -19.463880 489.869417 72.164289 -20.009877 -4.315078 72.164289 25.035945 113.283655 25.241851 89.004595 10.290995 25.241851 14.918201 10.588432 2.077293 89.004595 10.588432 752.992966 98.663572 10.290995 2.077293 98.663572 29.704741 352.322329 51.190263 386.335659 42.308096 51.190263 19.907917 42.020924 8.064118 386.335659 42.020924 695.332671 88.669752 42.308096 8.064118 88.669752 26.958743 755.167464 94.212941 384.374934 41.744029 94.212941 28.033445 41.392496 7.898666 384.374934 41.392496 327.028267 48.322363 41.744029 7.898666 48.322363 19.287157 905.540832 111.408365 56.127749 5.532602 111.408365 31.709865 6.035741 1.161172 56.127749 6.035741 105.047786 24.167403 5.532602 1.161172 24.167403 14.711109
648.764988 87.095280 -227.980835 -26.337678 87.095280 27.511066 -26.335916 -5.340177 -227.980835 -26.335916 196.039242 34.743556 -26.337678 -5.340177 34.743556 16.845857 251.917563 42.950074 -201.090037 -25.090403 42.950074 18.789006 -25.526266 -5.559454 -201.090037 -25.526266 369.309470 57.208858 -25.090403 -5.559454 57.208858 22.071568 102.914127 24.042157 20.569068 2.881085 24.042157 14.696840 2.880466 0.714147 20.569068 2.880466 338.501004 56.394659 2.881085 0.714147 56.394659 22.482511 234.312706 42.956953 66.758189 9.652236 42.956953 19.471412 9.633728 2.419974 66.758189 9.633728 134.598560 28.637469 9.652236 2.419974 28.637469 15.841950 301.192972 50.735107 -104.874808 -14.193028 50.735107 21.127690 -14.149327 -3.412320 -104.874808 -14.149327 156.107370 31.239145 -14.193028 -3.412320 31.239145 16.424154 167.340480 31.835116 -161.647290 -20.051919 31.835116 16.416463 -19.641726 -4.323686 -161.647290 -19.641726 495.792540 72.730944 -20.051919 -4.323686 72.730944 25.118526 114.168760 25.347758 92.852226 10.697183 25.347758 14.932866 11.081031 2.137522 92.852226 11.081031 762.390871 99.728459 10.697183 2.137522 99.728459 29.832654 359.878297 52.569698 388.386762 42.072927 52.569698 20.110158 42.997755 8.125686 388.386762 42.997755 684.134265 86.629788 42.072927 8.125686 86.629788 26.687435 758.866744 94.952443 382.594119 41.022885 94.952443 28.155311 41.325196 7.831946 382.594119 41.325196 323.681168 47.608548 41.022885 7.831946 47.608548 19.167498 891.547358 110.193263 53.185536 5.384699 110.193263 31.594797 5.801067 1.147216 53.185536 5.801067 104.709192 24.148551 5.384699 1.147216 24.148551 14.709888
640.617871 85.653489 -232.820263 -27.677637 85.653489 27.257431 -26.818699 -5.500734 -232.820263 -26.818699 201.615517 35.783832 -27.677637 -5.500734 35.783832 17.030836 251.901648 42.687866 -201.727572 -25.241435 42.687866 18.746207 -25.355708 -5.551784 -201.727572 -25.355708 371.040587 57.651732 -25.241435 -5.551784 57.651732 22.124279 102.684106 23.991518 18.900669 2.567491 23.991518 14.683673 2.490358 0.629661 18.900669 2.490358 331.302071 55.137913 2.567491 0.629661 55.137913 22.284053 228.751927 41.855622 67.355389 9.855290 41.855622 19.277835 9.655048 2.460143 67.355389 9.655048 136.695736 29.051737 9.855290 2.460143 29.051737 15.936757 301.886145 51.004175 -106.029654 -14.470153 51.004175 21.181169 -14.398203 -3.459893 -106.029654 -14.398203 157.130435 31.441905 -14.470153 -3.459893 31.441905 16.459540 165.847851 31.651856 -159.949286 -19.760234 31.651856 16.370031 -19.413274 -4.266563 -159.949286 -19.413274 496.460449 72.572460 -19.760234 -4.266563 72.572460 25.113099 114.751238 25.402094 94.663710 10.823982 25.402094 14.942632 11.216865 2.163046 94.663710 11.216865 759.058786 98.975977 10.823982 2.163046 98.975977 29.714504 360.657535 52.379934 386.415899 41.811137 52.379934 20.057840 42.521651 8.077125 386.415899 42.521651 676.476772 85.963094 41.811137 8.077125 85.963094 26.660326 755.894181 94.561818 378.457358 40.479303 94.561818 28.103188 40.870574 7.773821 378.457358 40.870574 319.881507 47.162469 40.479303 7.773821 47.162469 19.118052 879.792852 109.269360 56.224786 6.523814 109.269360 31.494151 6.267868 1.272836 56.224786 6.267868 105.191972 24.265348 6.523814 1.272836 24.265348 14.727741
640.138895 85.774721 -236.054213 -27.865378 85.774721 27.279730 -27.167888 -5.527793 -236.054213 -27.167888 204.511116 35.999860 -27.865378 -5.527793 35.999860 17.050358 249.454638 42.147425 -201.704946 -25.326433 42.147425 18.670712 -25.087652 -5.536419 -201.704946 -25.087652 375.437223 58.391359 -25.326433 -5.536419 58.391359 22.221074 102.306662 23.927398 16.005123 2.121971 23.927398 14.671609 1.961770 0.540165 16.005123 1.961770 319.453411 53.423458 2.121971 0.540165 53.423458 22.033113 227.683611 41.915038 67.478790 9.787885 41.915038 19.319093 9.679831 2.465381 67.478790 9.679831 137.113995 29.013591 9.787885 2.465381 29.013591 15.930012 297.330322 50.291493 -103.923235 -14.089300 50.291493 21.050688 -14.041887 -3.392116 -103.923235 -14.041887 156.176450 31.251619 -14.089300 -3.392116 31.251619 16.424300 162.509870 31.092458 -156.947395 -19.372979 31.092458 16.258579 -18.731342 -4.160372 -156.947395 -18.731342 502.497885 73.465677 -19.372979 -4.160372 73.465677 25.292009 114.633753 25.346126 93.361856 10.600862 25.346126 14.936922 10.810870 2.130365 93.361856 10.810870 746.655703 97.321450 10.600862 2.130365 97.321450 29.515411 364.197830 52.819471 386.931866 41.874931 52.819471 20.147700 42.693808 8.116663 386.931866 42.693808 670.252143 85.368438 41.874931 8.116663 85.368438 26.582807 762.995983 95.443270 381.222002 40.964200 95.443270 28.220100 41.276574 7.833373 381.222002 41.276574 320.707056 47.384142 40.964200 7.833373 47.384142 19.147837 866.399698 108.096877 60.955234 7.547125 108.096877 31.341945 6.823826 1.376496 60.955234 6.823826 105.987963 24.396451 7.547125 1.376496 24.396451 14.746160
636.639594 85.480523 -234.626722 -27.252922 85.480523 27.231629 -26.959088 -5.473781 -234.626722 -26.959088 203.930968 35.697680 -27.252922 -5.473781 35.697680 17.010752 246.446906 41.603927 -203.303928 -25.666582 41.603927 18.584151 -25.066048 -5.555034 -203.303928 -25.066048 385.579998 59.888656 -25.666582 -5.555034 59.888656 22.445948 102.172668 23.920855 15.047415 2.063855 23.920855 14.670398 1.945734 0.535424 15.047415 1.945734 318.555301 53.813714 2.063855 0.535424 53.813714 22.128173 228.904422 42.306468 66.156234 9.421152 42.306468 19.385989 9.490350 2.421386 66.156234 9.490350 135.390889 28.614972 9.421152 2.421386 28.614972 15.865119 297.101648 50.382021 -105.266490 -14.439941 50.382021 21.060889 -14.317552 -3.453474 -105.266490 -14.317552 157.676009 31.560959 -14.439941 -3.453474 31.560959 16.487062 163.561751 31.493140 -157.870500 -19.483833 31.493140 16.328914 -19.391284 -4.233711 -157.870500 -19.391284 500.370963 72.824759 -19.483833 -4.233711 72.824759 25.195416 113.438372 25.111447 89.544569 10.152165 25.111447 14.902352 9.751419 2.020033 89.544569 9.751419 752.754538 98.500337 10.152165 2.020033 98.500337 29.718243 371.458004 53.905002 389.053748 42.021226 53.905002 20.343154 43.308505 8.191889 389.053748 43.308505 661.070958 84.214882 42.021226 8.191889 84.214882 26.395717 773.155718 96.833502 380.098011 40.334443 96.833502 28.422213 41.258497 7.761298 380.098011 41.258497 316.117911 46.568720 40.334443 7.761298 46.568720 19.002098 867.079332 108.748936 59.954431 6.784071 108.748936 31.415776 6.612518 1.277414 59.954431 6.612518 105.823984 24.315411 6.784071 1.277414 24.315411 14.729177
637.579984 85.804465 -233.002196 -26.753149 85.804465 27.271252 -26.834569 -5.444986 -233.002196 -26.834569 202.335095 35.363373 -26.753149 -5.444986 35.363373 16.977402 250.319123 42.630389 -203.641040 -25.365761 42.630389 18.782758 -25.585307 -5.583198 -203.641040 -25.585307 379.126580 58.229895 -25.365761 -5.583198 58.229895 22.141048 102.355952 23.968417 16.536338 2.366040 23.968417 14.677784 2.391327 0.594377 16.536338 2.391327 324.501365 55.018820 2.366040 0.594377 55.018820 22.294825 228.513582 42.178382 66.287767 9.559586 42.178382 19.335153 9.561256 2.454127 66.287767 9.561256 135.627543 28.757142 9.559586 2.454127 28.757142 15.912336 294.929505 50.050492 -105.862174 -14.556141 50.050492 20.984934 -14.385492 -3.465202 -105.862174 -14.385492 158.959399 31.759897 -14.556141 -3.465202 31.759897 16.522440 164.690847 31.664315 -160.142858 -19.771452 31.664315 16.334340 -19.778542 -4.265189 -160.142858 -19.778542 504.628301 73.431657 -19.771452 -4.265189 73.431657 25.316481 113.293866 25.144558 89.246978 10.214097 25.144558 14.914321 9.984048 2.066976 89.246978 9.984048 755.979393 98.899806 10.214097 2.066976 98.899806 29.759750 369.378955 53.113020 387.856625 42.196059 53.113020 20.221321 42.526462 8.149352 387.856625 42.526462 661.940192 84.983753 42.196059 8.149352 84.983753 26.516107 777.006658 96.948382 379.889147 40.489509 96.948382 28.420416 41.143013 7.760812 379.889147 41.143013 314.655852 46.557693 40.489509 7.760812 46.557693 19.001509 872.124164 109.529055 65.383978 7.926088 109.529055 31.461493 7.298652 1.442655 65.383978 7.298652 106.677695 24.462118 7.926088 1.442655 24.462118 14.756543
647.611999 87.565792 -225.140510 -24.770213 87.565792 27.544936 -26.043180 -5.224049 -225.140510 -26.043180 193.903105 33.895246 -24.770213 -5.224049 33.895246 16.750241 250.863408 42.611500 -202.782956 -25.200445 42.611500 18.748463 -25.418826 -5.555988 -202.782956 -25.418826 375.765215 57.812986 -25.200445 -5.555988 57.812986 22.130770 102.280125 23.944069 16.241322 2.265142 23.944069 14.670120 2.221017 0.545538 16.241322 2.221017 330.740322 55.878610 2.265142 0.545538 55.878610 22.379978 232.584204 42.978002 65.359834 9.272714 42.978002 19.487921 9.440894 2.403880 65.359834 9.440894 133.640510 28.348001 9.272714 2.403880 28.348001 15.823124 293.227892 49.889814 -104.664885 -14.240081 49.889814 20.952753 -14.195394 -3.419049 -104.664885 -14.195394 158.158221 31.531648 -14.240081 -3.419049 31.531648 16.481211 166.495507 31.966413 -161.586669 -19.858604 31.966413 16.379434 -20.135543 -4.297490 -161.586669 -20.135543 500.596688 72.669467 -19.858604 -4.297490 72.669467 25.201378 113.704751 25.244367 91.060499 10.479538 25.244367 14.929029 10.512037 2.124545 91.060499 10.512037 760.580900 99.385434 10.479538 2.124545 99.385434 29.810685 370.856620 53.346275 388.471657 42.322466 53.346275 20.297911 42.646376 8.181974 388.471657 42.646376 660.632566 84.851326 42.322466 8.181974 84.851326 26.447984 775.893758 96.424427 380.795399 40.982487 96.424427 28.351969 41.083117 7.788176 380.795399 41.083117 316.029974 46.967332 40.982487 7.788176 46.967332 19.052792 872.244918 109.502825 63.438427 7.020501 109.502825 31.409238 6.977497 1.338567 63.438427 6.977497 106.351105 24.359068 7.020501 1.338567 24.359068 14.738560
656.274172 88.379141 -224.217769 -25.085203 88.379141 27.621006 -26.049152 -5.265445 -224.217769 -26.049152 191.693535 33.902709 -25.085203 -5.265445 33.902709 16.771781 255.825588 43.392220 -205.662367 -25.568233 43.392220 18.879824 -25.987233 -5.636910 -205.662367 -25.987233 374.558892 57.675817 -25.568233 -5.636910 57.675817 22.115267 102.024103 23.893964 14.446276 1.949103 23.893964 14.660416 1.788791 0.470048 14.446276 1.788791 335.383458 56.328506 1.949103 0.470048 56.328506 22.422233 228.302465 41.975992 64.611727 9.317737 41.975992 19.283902 9.297430 2.400884 64.611727 9.297430 133.964919 28.550597 9.317737 2.400884 28.550597 15.870803 288.148707 49.054572 -104.459375 -14.367384 49.054572 20.790754 -14.166091 -3.443078 -104.459375 -14.166091 159.482168 31.842368 -14.367384 -3.443078 31.842368 16.557492 167.385425 32.052955 -161.281224 -19.745329 32.052955 16.393295 -20.075578 -4.289245 -161.281224 -20.075578 493.735228 71.740304 -19.745329 -4.289245 71.740304 25.081317 113.868747 25.260011 91.830015 10.537724 25.260011 14.927032 10.590808 2.118396 91.830015 10.590808 763.128715 99.558760 10.537724 2.118396 99.558760 29.824104 375.390583 54.086884 390.400030 42.467706 54.086884 20.431642 43.125654 8.233292 390.400030 43.125654 656.859388 84.233062 42.467706 8.233292 84.233062 26.322131 771.168493 95.380546 386.982616 42.485524 95.380546 28.203721 41.518883 7.924295 386.982616 41.518883 324.640630 48.422412 42.485524 7.924295 48.422412 19.260107 877.448664 110.070036 63.249258 6.937505 110.070036 31.448139 6.978721 1.351964 63.249258 6.978721 106.284095 24.348260 6.937505 1.351964 24.348260 14.740347
642.977680 85.894929 -226.506402 -26.601794 85.894929 27.247282 -26.191280 -5.402586 -226.506402 -26.191280 195.829990 35.005239 -26.601794 -5.402586 35.005239 16.945500 253.894887 42.723122 -206.259807 -25.787488 42.723122 18.750331 -25.663230 -5.618669 -206.259807 -25.663230 379.630430 58.736894 -25.787488 -5.618669 58.736894 22.296832 101.903641 23.882960 13.623652 1.859045 23.882960 14.658793 1.718116 0.458727 13.623652 1.718116 341.444719 57.044635 1.859045 0.458727 57.044635 22.541682 225.744787 41.612860 65.371124 9.566549 41.612860 19.242309 9.446890 2.435772 65.371124 9.446890 135.429852 28.855179 9.566549 2.435772 28.855179 15.919002 284.326848 48.639609 -103.083301 -14.116981 48.639609 20.724794 -13.989580 -3.408683 -103.083301 -13.989580 159.136379 31.733864 -14.116981 -3.408683 31.733864 16.539269 170.355743 32.580786 -162.348475 -19.856427 32.580786 16.499657 -20.531366 -4.363646 -162.348475 -20.531366 481.916506 70.142028 -19.856427 -4.363646 70.142028 24.846170 113.858813 25.238138 92.277154 10.557437 25.238138 14.921153 10.521421 2.104284 92.277154 10.521421 770.110318 100.341530 10.557437 2.104284 100.341530 29.925757 377.116730 54.153540 391.178914 42.603020 54.153540 20.437978 43.066439 8.234723 391.178914 43.066439 655.584705 84.209259 42.603020 8.234723 84.209259 26.312395 769.584721 95.298372 390.210499 42.653696 95.298372 28.216059 41.793404 7.938524 390.210499 41.793404 328.917067 48.714112 42.653696 7.938524 48.714112 19.273511 890.130742 111.490934 61.472353 6.457535 111.490934 31.603143 6.777527 1.300703 61.472353 6.777527 105.920365 24.285823 6.457535 1.300703 24.285823 14.731556
631.992399 84.539839 -228.249490 -27.099568 84.539839 27.111672 -26.300853 -5.423853 -228.249490 -26.300853 199.275350 35.514339 -27.099568 -5.423853 35.514339 16.991180 253.132314 42.620309 -206.352202 -25.765638 42.620309 18.760118 -25.624230 -5.619596 -206.352202 -25.624230 381.269663 58.842569 -25.765638 -5.619596 58.842569 22.281321 102.343408 23.982109 17.079392 2.460275 23.982109 14.677517 2.639239 0.601177 17.079392 2.639239 343.178969 57.003246 2.460275 0.601177 57.003246 22.542544 219.948516 40.656689 66.379264 9.843107 40.656689 19.063104 9.575993 2.473807 66.379264 9.575993 138.236334 29.369950 9.843107 2.473807 29.369950 16.017358 285.539610 49.084027 -102.804887 -14.032396 49.084027 20.793420 -14.049165 -3.408105 -102.804887 -14.049165 158.443939 31.580503 -14.032396 -3.408105 31.580503 16.516757 167.306112 31.837476 -158.317651 -19.406365 31.837476 16.370692 -19.377751 -4.233714 -158.317651 -19.377751 479.929748 70.507117 -19.406365 -4.233714 70.507117 24.940365 114.520259 25.369217 93.835142 10.722999 25.369217 14.944902 11.037899 2.170720 93.835142 11.037899 758.769830 98.589663 10.722999 2.170720 98.589663 29.685073 377.727217 54.040266 392.624510 42.871016 54.040266 20.422665 43.003501 8.245203 392.624510 43.003501 658.456287 84.727426 42.871016 8.245203 84.727426 26.371515 758.787985 94.001121 388.533522 42.360543 94.001121 28.041215 41.477547 7.914298 388.533522 41.477547 330.671498 48.811816 42.360543 7.914298 48.811816 19.306044 901.562341 112.515045 60.898309 6.448544 112.515045 31.701218 6.737749 1.299814 60.898309 6.737749 105.763681 24.276762 6.448544 1.299814 24.276762 14.730919
644.806721 86.954354 -228.813068 -26.292408 86.954354 27.501165 -26.488892 -5.338027 -228.813068 -26.488892 197.435366 34.813190 -26.292408 -5.338027 34.813190 16.845923 251.602634 42.430631 -205.133352 -25.563477 42.430631 18.739680 -25.435735 -5.594947 -205.133352 -25.435735 380.781457 58.663574 -25.563477 -5.594947 58.663574 22.252301 102.402085 23.972247 17.280189 2.381135 23.972247 14.672408 2.488954 0.558846 17.280189 2.488954 336.175745 55.697634 2.381135 0.558846 55.697634 22.357975 218.382380 40.725027 64.439583 9.283046 40.725027 19.084726 9.248870 2.386895 64.439583 9.248870 136.554409 28.857653 9.283046 2.386895 28.857653 15.912232 291.440212 50.170029 -102.243845 -13.781172 50.170029 20.960277 -14.047543 -3.374262 -102.243845 -14.047543 156.070931 31.122664 -13.781172 -3.374262 31.122664 16.432001 166.197245 31.730325 -157.047213 -19.383425 31.730325 16.380292 -19.258173 -4.247895 -157.047213 -19.258173 480.198554 70.779337 -19.383425 -4.247895 70.779337 24.951667 116.379606 25.688902 98.920900 11.337391 25.688902 14.999290 12.232369 2.326532 98.920900 12.232369 743.048317 96.645154 11.337391 2.326532 96.645154 29.456090 380.560501 54.398286 395.619093 43.185660 54.398286 20.485877 43.364171 8.290419 395.619093 43.364171 661.251777 84.965120 43.185660 8.290419 84.965120 26.372335 759.593689 94.566850 387.865014 41.829655 94.566850 28.132050 41.590981 7.898714 387.865014 41.590981 329.603355 48.368457 41.829655 7.898714 48.368457 19.253772 914.094410 113.613639 60.129069 6.335084 113.613639 31.822519 6.645879 1.274552 60.129069 6.645879 105.577873 24.255987 6.335084 1.274552 24.255987 14.726489
659.844892 88.921100 -229.533433 -25.977645 88.921100 27.730030 -26.628168 -5.319365 -229.533433 -26.628168 195.432842 34.405087 -25.977645 -5.319365 34.405087 16.792983 251.083335 42.433057 -204.540635 -25.481459 42.433057 18.743210 -25.422050 -5.594254 -204.540635 -25.422050 380.130361 58.529128 -25.481459 -5.594254 58.529128 22.243556 102.195390 23.920470 15.885359 2.118428 23.920470 14.663167 2.049988 0.498198 15.885359 2.049988 338.496418 56.333150 2.118428 0.498198 56.333150 22.518489 216.405978 40.505606 62.634282 8.995505 40.505606 19.013346 9.017289 2.354699 62.634282 9.017289 135.165989 28.639027 8.995505 2.354699 28.639027 15.897537 293.332624 50.182840 -103.568982 -14.162887 50.182840 20.920888 -14.236541 -3.422181 -103.568982 -14.236541 156.941099 31.425981 -14.162887 -3.422181 31.425981 16.494325 164.610141 31.496863 -156.400488 -19.412947 31.496863 16.342569 -19.077649 -4.227554 -156.400488 -19.077649 486.480899 71.817435 -19.412947 -4.227554 71.817435 25.083302 116.502510 25.601895 98.898208 11.262922 25.601895 14.980417 11.704929 2.271044 98.898208 11.704929 737.458315 96.459801 11.262922 2.271044 96.459801 29.477529 385.837774 55.162883 398.908202 43.382066 55.162883 20.606272 43.927921 8.342199 398.908202 43.927921 660.050883 84.524370 43.382066 8.342199 84.524370 26.281280 757.970578 94.402157 388.280483 41.957220 94.402157 28.081087 41.687545 7.936535 388.280483 41.687545 330.658116 48.557541 41.957220 7.936535 48.557541 19.315431 925.943053 114.572557 60.459300 6.487054 114.572557 31.935273 6.678841 1.280188 60.459300 6.678841 105.562284 24.264597 6.487054 1.280188 24.264597 14.726522
664.344692 88.908738 -231.222940 -26.468635 88.908738 27.668384 -26.739691 -5.372932 -231.222940 -26.739691 196.057478 34.655442 -26.468635 -5.372932 34.655442 16.846731 253.876893 43.001859 -205.541724 -25.557595 43.001859 18.839388 -25.781675 -5.633173 -205.541724 -25.781675 377.720639 58.078404 -25.557595 -5.633173 58.078404 22.173595 102.140241 23.919337 15.382860 2.081390 23.919337 14.665229 2.038553 0.511325 15.382860 2.038553 335.520242 55.852500 2.081390 0.511325 55.852500 22.436264 216.258146 40.576108 62.251292 9.030339 40.576108 19.004138 9.050517 2.364854 62.251292 9.050517 134.791530 28.655172 9.030339 2.364854 28.655172 15.910985 285.893769 48.620528 -105.600490 -14.800715 48.620528 20.640598 -14.400547 -3.492390 -105.600490 -14.400547 161.515769 32.365242 -14.800715 -3.492390 32.365242 16.663558 166.180127 31.875416 -159.386782 -19.831636 31.875416 16.404622 -19.783719 -4.309454 -159.386782 -19.783719 491.669816 72.296587 -19.831636 -4.309454 72.296587 25.107780 116.992757 25.659093 99.827899 11.400699 25.659093 14.997885 11.811526 2.320662 99.827899 11.811526 729.448564 95.764432 11.400699 2.320662 95.764432 29.382521 390.605532 55.735350 400.729604 43.422494 55.735350 20.691975 44.190459 8.364113 400.729604 44.190459 655.877191 83.847958 43.422494 8.364113 83.847958 26.179335 765.391526 95.486231 390.932222 42.053196 95.486231 28.213722 42.130168 7.969164 390.932222 42.130168 331.203777 48.497504 42.053196 7.969164 48.497504 19.307469 929.874700 114.517493 66.240266 7.888962 114.517493 31.928118 7.356304 1.438593 66.240266 7.356304 106.427323 24.426028 7.888962 1.438593 24.426028 14.751638
665.917954 88.858294 -228.745983 -25.908347 88.858294 27.678582 -26.344501 -5.285769 -228.745983 -26.344501 193.776725 34.276715 -25.908347 -5.285769 34.276715 16.774241 255.050894 43.034852 -207.284551 -25.852810 43.034852 18.824049 -25.921838 -5.658567 -207.284551 -25.921838 380.281096 58.604318 -25.852810 -5.658567 58.604318 22.269303 102.386052 23.976828 16.723968 2.336922 23.976828 14.676918 2.464224 0.582145 16.723968 2.464224 324.450107 54.112412 2.336922 0.582145 54.112412 22.151731 217.439651 40.842738 61.319173 8.847079 40.842738 19.039128 8.935854 2.323735 61.319173 8.935854 133.462142 28.422043 8.847079 2.323735 28.422043 15.857507 280.821991 48.081704 -103.264566 -14.161612 48.081704 20.598781 -13.984740 -3.392363 -103.264566 -13.984740 160.478840 31.937760 -14.161612 -3.392363 31.937760 16.561960 167.538802 32.047377 -162.406842 -20.159170 32.047377 16.412842 -20.165224 -4.337472 -162.406842 -20.165224 498.311211 73.001304 -20.159170 -4.337472 73.001304 25.194431 115.758688 25.384326 96.754319 11.042582 25.384326 14.955399 10.704365 2.204556 96.754319 10.704365 741.279969 97.773287 11.042582 2.204556 97.773287 29.649686 393.784844 56.128584 398.871115 43.032979 56.128584 20.770338 44.046135 8.343294 398.871115 44.046135 644.775672 82.394226 43.032979 8.343294 82.394226 25.979100 777.340509 96.957973 393.858569 42.052971 96.957973 28.388357 42.545991 7.980569 393.858569 42.545991 330.534614 48.238510 42.052971 7.980569 48.238510 19.261912 938.946905 115.322758 70.946959 8.467065 115.322758 32.051846 7.807680 1.496726 70.946959 7.807680 107.139052 24.508588 8.467065 1.496726 24.508588 14.761306
664.996155 88.599422 -225.800373 -25.509420 88.599422 27.675012 -25.955568 -5.229137 -225.800373 -25.955568 191.553713 34.003547 -25.509420 -5.229137 34.003547 16.729166 255.470733 43.066549 -206.855350 -25.716754 43.066549 18.836713 -25.833220 -5.640290 -206.855350 -25.833220 378.369777 58.246106 -25.716754 -5.640290 58.246106 22.197408 102.462567 23.980963 16.919633 2.339480 23.980963 14.676346 2.438176 0.572770 16.919633 2.438176 316.135284 53.169770 2.339480 0.572770 53.169770 22.019574 219.753593 41.270530 58.942984 8.347369 41.270530 19.114294 8.566235 2.228090 58.942984 8.566235 130.437215 27.875043 8.347369 2.228090 27.875043 15.742622 285.342973 49.179017 -103.910917 -14.162204 49.179017 20.794009 -14.229087 -3.426591 -103.910917 -14.229087 159.749181 31.723277 -14.162204 -3.426591 31.723277 16.537378 165.602440 31.633754 -159.766226 -19.668388 31.633754 16.333212 -19.471978 -4.227997 -159.766226 -19.471978 497.050444 72.596266 -19.668388 -4.227997 72.596266 25.138672 114.776935 25.252310 94.518521 10.839031 25.252310 14.941164 10.252056 2.165022 94.518521 10.252056 755.882013 99.550705 10.839031 2.165022 99.550705 29.830737 392.060660 55.522416 397.578310 43.160167 55.522416 20.685544 43.459328 8.322630 397.578310 43.459328 644.457140 82.895619 43.160167 8.322630 82.895619 26.075267 786.770463 98.017986 391.783422 41.269867 98.017986 28.525509 42.333009 7.893788 391.783422 42.333009 325.003973 47.321333 41.269867 7.893788 47.321333 19.119612 942.023409 115.394950 72.934166 8.393689 115.394950 32.078268 7.930411 1.498470 72.934166 7.930411 107.456491 24.514109 8.393689 1.498470 24.514109 14.761212
657.433214 87.519876 -223.042972 -25.451413 87.519876 27.559663 -25.605787 -5.212142 -223.042972 -25.605787 190.557894 34.013333 -25.451413 -5.212142 34.013333 16.733310 254.461141 42.957464 -203.358182 -25.157243 42.957464 18.837957 -25.393973 -5.574718 -203.358182 -25.393973 370.841264 57.111532 -25.157243 -5.574718 57.111532 22.021105 102.443408 23.969539 16.693551 2.296541 23.969539 14.674644 2.332166 0.562413 16.693551 2.332166 313.383662 53.166592 2.296541 0.562413 53.166592 22.012132 221.210308 41.409931 58.199294 8.352660 41.409931 19.134480 8.507226 2.219199 58.199294 8.507226 129.343555 27.819246 8.352660 2.219199 27.819246 15.728529 286.002325 49.083236 -107.181754 -14.902781 49.083236 20.718714 -14.719690 -3.543035 -107.181754 -14.719690 163.280032 32.460046 -14.902781 -3.543035 32.460046 16.694987 166.020266 31.828981 -158.484824 -19.449093 31.828981 16.380877 -19.583611 -4.245905 -158.484824 -19.583611 488.220387 71.149567 -19.449093 -4.245905 71.149567 24.937865 114.240526 25.223827 93.229020 10.721370 25.223827 14.937454 10.230785 2.152850 93.229020 10.230785 764.119049 100.132553 10.721370 2.152850 100.132553 29.853267 385.075714 54.271851 395.088044 43.258505 54.271851 20.519726 42.590782 8.275466 395.088044 42.590782 650.879643 84.219542 43.258505 8.275466 84.219542 26.263956 782.129399 96.756844 391.541915 41.884983 96.756844 28.333057 42.040358 7.934623 391.541915 42.040358 326.250921 47.919569 41.884983 7.934623 47.919569 19.227182 937.923776 114.685558 75.883959 8.800870 114.685558 32.012547 8.232924 1.574409 75.883959 8.232924 108.012962 24.584876 8.800870 1.574409 24.584876 14.775326
657.233331 87.869697 -218.174095 -24.538453 87.869697 27.669675 -25.104564 -5.094416 -218.174095 -25.104564 186.729575 33.400410 -24.538453 -5.094416 33.400410 16.623483 251.278490 42.486763 -198.727140 -24.632662 42.486763 18.776983 -24.760285 -5.502289 -198.727140 -24.760285 364.154689 56.403846 -24.632662 -5.502289 56.403846 21.935676 102.625297 24.007308 17.585647 2.464415 24.007308 14.683560 2.563839 0.610368 17.585647 2.563839 308.206161 52.506660 2.464415 0.610368 52.506660 21.855362 226.539554 42.294986 59.639875 8.679610 42.294986 19.309008 8.797976 2.258186 59.639875 8.797976 129.497080 27.914890 8.679610 2.258186 27.914890 15.724336 286.103678 49.054969 -107.464485 -14.760933 49.054969 20.706101 -14.677472 -3.513800 -107.464485 -14.677472 163.567068 32.361621 -14.760933 -3.513800 32.361621 16.664630 168.096010 32.185086 -160.887363 -19.824995 32.185086 16.438433 -20.114668 -4.325497 -160.887363 -20.114668 487.677043 71.267504 -19.824995 -4.325497 71.267504 24.990016 114.465492 25.307991 94.544353 10.892894 25.307991 14.946458 10.721139 2.190574 94.544353 10.721139 771.475868 100.611281 10.892894 2.190574 100.611281 29.896358 384.830546 54.515760 396.464548 43.436872 54.515760 20.588488 42.985740 8.323873 396.464548 42.985740 655.182137 84.548466 43.436872 8.323873 84.548466 26.265172 785.096443 97.045328 393.654731 42.205240 97.045328 28.408325 42.233562 7.958318 393.654731 42.233562 327.698549 48.118927 42.205240 7.958318 48.118927 19.229021 935.275964 114.394557 77.735166 8.890612 114.394557 32.011670 8.416016 1.610226 77.735166 8.416016 108.375670 24.613626 8.890612 1.610226 24.613626 14.781615
655.673895 87.789137 -215.085909 -24.337095 87.789137 27.672571 -24.822139 -5.063935 -215.085909 -24.822139 184.555453 33.226207 -24.337095 -5.063935 33.226207 16.599257 257.468014 43.837126 -198.874898 -24.616663 43.837126 19.041512 -25.360643 -5.569045 -198.874898 -25.360643 354.156292 54.919537 -24.616663 -5.569045 54.919537 21.674184 102.536308 23.979188 17.110962 2.366830 23.979188 14.677828 2.366353 0.579481 17.110962 2.366353 309.515292 52.972418 2.366830 0.579481 52.972418 21.905146 229.461954 42.599200 59.432020 8.557438 42.599200 19.367377 8.689075 2.212966 59.432020 8.689075 128.660590 27.741479 8.557438 2.212966 27.741479 15.667811 289.287050 49.469992 -112.036200 -15.575870 49.469992 20.758179 -15.350358 -3.650610 -112.036200 -15.350358 167.847311 33.096504 -15.575870 -3.650610 33.096504 16.808332 167.191183 31.880891 -160.801130 -19.839776 31.880891 16.376596 -19.757831 -4.283329 -160.801130 -19.757831 492.553452 72.218969 -19.839776 -4.283329 72.218969 25.145907 114.241842 25.268096 93.912728 10.750326 25.268096 14.932982 10.571068 2.143796 93.912728 10.571068 773.835981 100.548325 10.750326 2.143796 100.548325 29.895483 378.352961 53.266350 399.294956 44.138336 53.266350 20.358274 42.589161 8.308169 399.294956 42.589161 676.278843 87.548118 44.138336 8.308169 87.548118 26.702263 779.424281 96.064595 395.544845 42.823851 96.064595 28.282581 42.248581 8.007590 395.544845 42.248581 331.793478 48.817961 42.823851 8.007590 48.817961 19.329543 927.991136 113.596179 79.873242 9.177525 113.596179 31.938050 8.658514 1.670827 79.873242 8.658514 108.847168 24.672533 9.177525 1.670827 24.672533 14.793770
655.485130 87.713158 -217.666475 -25.270947 87.713158 27.651939 -25.196067 -5.161704 -217.666475 -25.196067 186.599109 33.747774 -25.270947 -5.161704 33.747774 16.677963 254.248797 42.916683 -198.136105 -24.880188 42.916683 18.850211 -24.868177 -5.534575 -198.136105 -24.868177 357.544947 56.134310 -24.880188 -5.534575 56.134310 21.893505 102.272960 23.928856 15.492669 2.107236 23.928856 14.669358 1.994256 0.522979 15.492669 1.994256 311.619815 53.332632 2.107236 0.522979 53.332632 21.922124 227.211427 41.990470 58.355882 8.398385 41.990470 19.273177 8.449647 2.174788 58.355882 8.449647 128.143310 27.686661 8.398385 2.174788 27.686661 15.651297 288.943543 49.244145 -114.293676 -15.802085 49.244145 20.703588 -15.541855 -3.683564 -114.293676 -15.541855 170.688605 33.434162 -15.802085 -3.683564 33.434162 16.868433 164.845918 31.487076 -157.857720 -19.439733 31.487076 16.320451 -19.155071 -4.207975 -157.857720 -19.155071 492.240287 72.141754 -19.439733 -4.207975 72.141754 25.119012 114.349401 25.288167 94.871812 10.842096 25.288167 14.933068 10.743379 2.154159 94.871812 10.743379 782.040384 101.397601 10.842096 2.154159 101.397601 30.028918 376.331950 53.215328 402.149566 44.291261 53.215328 20.341568 42.997992 8.327743 402.149566 42.997992 688.799802 88.505900 44.291261 8.327743 88.505900 26.794364 773.631768 95.262291 399.107295 43.534869 95.262291 28.181261 42.502623 8.079489 399.107295 42.502623 337.990337 49.673329 43.534869 8.079489 49.673329 19.452442 921.529486 112.994533 85.016573 10.139591 112.994533 31.882736 9.271103 1.810548 85.016573 9.271103 109.943201 24.841163 10.139591 1.810548 24.841163 14.823566
653.111452 87.539377 -215.119590 -24.709478 87.539377 27.641207 -24.856776 -5.065215 -215.119590 -24.856776 184.968557 33.421521 -24.709478 -5.065215 33.421521 16.603871 248.039090 41.825314 -196.422252 -24.878789 41.825314 18.682673 -24.318812 -5.478646 -196.422252 -24.318812 363.785959 57.316913 -24.878789 -5.478646 57.316913 22.045107 102.002450 23.889672 13.606173 1.844221 23.889672 14.662792 1.671975 0.470515 13.606173 1.671975 314.001684 53.629231 1.844221 0.470515 53.629231 21.942785 221.918011 41.047440 58.099703 8.505953 41.047440 19.133696 8.407284 2.190259 58.099703 8.407284 129.085671 27.929315 8.505953 2.190259 27.929315 15.697540 293.006463 49.945423 -115.788403 -15.755983 49.945423 20.831825 -15.726573 -3.700114 -115.788403 -15.726573 171.006540 33.260650 -15.755983 -3.700114 33.260650 16.840220 163.203149 31.244444 -157.895836 -19.543202 31.244444 16.280082 -19.049569 -4.201796 -157.895836 -19.049569 502.793086 73.701567 -19.543202 -4.201796 73.701567 25.353598 113.796757 25.189258 92.799849 10.532101 25.189258 14.915249 10.282264 2.086920 92.799849 10.282264 781.052126 101.025631 10.532101 2.086920 101.025631 29.996505 373.119231 52.853740 403.034743 44.197316 52.853740 20.249997 43.015755 8.298960 403.034743 43.015755 698.364794 89.205545 44.197316 8.298960 89.205545 26.905753 781.460258 96.748820 400.617031 42.932009 96.748820 28.406552 42.868863 8.047373 400.617031 42.868863 337.039438 49.012906 42.932009 8.047373 49.012906 19.333321 924.634890 113.672422 86.286577 9.835314 113.672422 31.981567 9.367779 1.793172 86.286577 9.367779 110.172790 24.813066 9.835314 1.793172 24.813066 14.817891
640.855827 85.848702 -214.013333 -25.002317 85.848702 27.395408 -24.684539 -5.090809 -214.013333 -24.684539 185.993851 33.731190 -25.002317 -5.090809 33.731190 16.662419 248.317255 42.263778 -195.803738 -24.677592 42.263778 18.787306 -24.560771 -5.483654 -195.803738 -24.560771 361.616026 56.590772 -24.677592 -5.483654 56.590772 21.869449 101.966543 23.900095 13.302411 1.862574 23.900095 14.664178 1.785284 0.481705 13.302411 1.785284 312.880708 53.289490 1.862574 0.481705 53.289490 21.872183 217.526150 40.549376 55.185862 7.913944 40.549376 19.078455 7.926396 2.087107 55.185862 7.926396 127.298969 27.529586 7.913944 2.087107 27.529586 15.611283 294.850178 50.122597 -115.485822 -15.542868 50.122597 20.855468 -15.628104 -3.688052 -115.485822 -15.628104 169.979440 33.010262 -15.542868 -3.688052 33.010262 16.817212 163.959151 31.500260 -159.786834 -19.769312 31.500260 16.321168 -19.579929 -4.257280 -159.786834 -19.579929 507.508486 73.976244 -19.769312 -4.257280 73.976244 25.364060 114.450119 25.335800 95.013007 10.827614 25.335800 14.940834 10.991225 2.177540 95.013007 10.991225 778.929794 100.628948 10.827614 2.177540 100.628948 29.967628 374.805087 53.482511 402.813715 43.730098 53.482511 20.330432 43.537895 8.307368 402.813715 43.537895 694.038034 87.909414 43.730098 8.307368 87.909414 26.744100 787.705698 97.437316 402.993714 43.038482 97.437316 28.459138 43.151436 8.081407 402.993714 43.151436 337.673756 49.003267 43.038482 8.081407 49.003267 19.354840 930.407496 114.494500 83.312639 8.796572 114.494500 32.073203 8.996205 1.696406 83.312639 8.996205 109.502486 24.659497 8.796572 1.696406 24.659497 14.796655
632.742270 85.158516 -211.233466 -24.556434 85.158516 27.327562 -24.391196 -5.033962 -211.233466 -24.391196 185.063322 33.546681 -24.556434 -5.033962 33.546681 16.627836 254.856167 43.623134 -196.717656 -24.564446 43.623134 19.011006 -25.180594 -5.521880 -196.717656 -25.180594 352.903877 54.961565 -24.564446 -5.521880 54.961565 21.598060 102.233015 23.959798 15.230559 2.205533 23.959798 14.673883 2.303089 0.552018 15.230559 2.303089 312.157484 53.154121 2.205533 0.552018 53.154121 21.860341 212.841092 39.914876 54.796295 8.063142 39.914876 18.950510 7.970561 2.120527 54.796295 7.970561 128.016486 27.772120 8.063142 2.120527 27.772120 15.673644 292.239757 49.492538 -115.938878 -15.759276 49.492538 20.746575 -15.640560 -3.730676 -115.938878 -15.640560 171.470393 33.376144 -15.759276 -3.730676 33.376144 16.907877 164.696273 31.614962 -161.642093 -19.935455 31.614962 16.321919 -19.857009 -4.271052 -161.642093 -19.857009 512.176946 74.361383 -19.935455 -4.271052 74.361383 25.425658 114.902493 25.382887 97.247742 11.076626 25.382887 14.944491 11.243456 2.203167 97.247742 11.243456 787.822267 101.824369 11.076626 2.203167 101.824369 30.150673 372.862913 53.068259 402.311856 43.656285 53.068259 20.226534 43.285658 8.276118 402.311856 43.285658 696.780968 88.327050 43.656285 8.276118 88.327050 26.875493 782.986486 96.473406 403.293819 43.323827 96.473406 28.299249 43.004818 8.107200 403.293819 43.004818 339.665687 49.419822 43.323827 8.107200 49.419822 19.440783 935.634243 114.995848 83.699929 9.025368 114.995848 32.107481 9.110035 1.749194 83.699929 9.110035 109.525847 24.688511 9.025368 1.749194 24.688511 14.806755
651.995830 88.502840 -207.254445 -23.025060 88.502840 27.828639 -24.137324 -4.861798 -207.254445 -24.137324 179.125242 32.370731 -23.025060 -4.861798 32.370731 16.426010 254.082399 43.223474 -193.994761 -24.232073 43.223474 18.907059 -24.608983 -5.441912 -193.994761 -24.608983 347.186785 54.465059 -24.232073 -5.441912 54.465059 21.562905 102.505408 24.002187 16.744760 2.392516 24.002187 14.680058 2.553037 0.579889 16.744760 2.553037 305.430274 52.038072 2.392516 0.579889 52.038072 21.678619 212.163542 40.093203 53.356804 7.763863 40.093203 18.972858 7.788288 2.061766 53.356804 7.788288 126.775865 27.495680 7.763863 2.061766 27.495680 15.610913 288.433983 48.895966 -115.909696 -15.813744 48.895966 20.668339 -15.605303 -3.743182 -115.909696 -15.605303 172.862967 33.614394 -15.813744 -3.743182 33.614394 16.953544 162.928057 31.222905 -160.549414 -19.714618 31.222905 16.240073 -19.354890 -4.191532 -160.549414 -19.354890 518.257804 75.105030 -19.714618 -4.191532 75.105030 25.560268 114.750936 25.317576 97.439449 11.046287 25.317576 14.932267 10.976566 2.170566 97.439449 10.976566 798.205444 103.012393 11.046287 2.170566 103.012393 30.302668 367.368301 52.213867 399.098048 43.356566 52.213867 20.090886 42.627048 8.212487 399.098048 42.627048 699.398225 88.803062 43.356566 8.212487 88.803062 26.989282 775.868437 95.366748 405.535747 43.973986 95.366748 28.147630 43.091141 8.171851 405.535747 43.091141 344.871460 50.258612 43.973986 8.171851 50.258612 19.574167 942.432266 115.638375 83.690655 9.018707 115.638375 32.169513 9.126290 1.748184 83.690655 9.126290 109.455712 24.683191 9.018707 1.748184 24.683191 14.805957
665.224818 89.807269 -209.023138 -23.660109 89.807269 27.924285 -24.429587 -4.937794 -209.023138 -24.429587 178.586326 32.541094 -23.660109 -4.937794 32.541094 16.469268 252.498771 42.830237 -192.957505 -24.282361 42.830237 18.852391 -24.343692 -5.430835 -192.957505 -24.343692 347.107032 54.830084 -24.282361 -5.430835 54.830084 21.621012 102.667907 24.017332 17.372199 2.434780 24.017332 14.682853 2.572019 0.588107 17.372199 2.572019 297.536332 50.961878 2.434780 0.588107 50.961878 21.515916 216.524875 40.981867 54.911244 8.115387 40.981867 19.098866 8.149748 2.122324 54.911244 8.149748 127.261421 27.633186 8.115387 2.122324 27.633186 15.640061 289.015775 49.269992 -114.224020 -15.351670 49.269992 20.760965 -15.421545 -3.689708 -114.224020 -15.421545 170.577352 33.077740 -15.351670 -3.689708 33.077740 16.852783 162.343319 31.135993 -161.907533 -19.886182 31.135993 16.223057 -19.469204 -4.208613 -161.907533 -19.469204 529.389153 76.470449 -19.886182 -4.208613 76.470449 25.770240 113.531321 25.100715 93.157625 10.476292 25.100715 14.899461 9.950833 2.046800 93.157625 9.950833 801.049709 103.104325 10.476292 2.046800 103.104325 30.308711 366.001317 52.172114 399.932714 43.485003 52.172114 20.088470 42.849699 8.242831 399.932714 42.849699 704.998636 89.432765 43.485003 8.242831 89.432765 27.086303 769.619729 94.977912 401.615425 43.069848 94.977912 28.137741 42.729530 8.089043 401.615425 42.729530 342.414101 49.638714 43.069848 8.089043 49.638714 19.476977 946.743868 115.912083 83.794610 9.054866 115.912083 32.191118 9.134644 1.746763 83.794610 9.134644 109.433800 24.685002 9.054866 1.746763 24.685002 14.805435
668.858093 89.693695 -209.187948 -23.909823 89.693695 27.872410 -24.344057 -4.924169 -209.187948 -24.344057 178.210448 32.620413 -23.909823 -4.924169 32.620413 16.464936 255.277691 43.373057 -194.781634 -24.577047 43.373057 18.969335 -24.756273 -5.488914 -194.781634 -24.756273 347.262773 54.854096 -24.577047 -5.488914 54.854096 21.578816 102.562624 23.980781 17.015957 2.353246 23.980781 14.676849 2.349416 0.567044 17.015957 2.349416 303.501430 52.397362 2.353246 0.567044 52.397362 21.771735 221.433145 41.704546 56.159137 8.258728 41.704546 19.192168 8.325728 2.131095 56.159137 8.325728 127.347707 27.624417 8.258728 2.131095 27.624417 15.627925 296.377406 50.625954 -114.347560 -15.250694 50.625954 20.988231 -15.581140 -3.694873 -114.347560 -15.581140 168.110611 32.637597 -15.250694 -3.694873 32.637597 16.781180 161.266455 30.962119 -162.405124 -19.890834 30.962119 16.185638 -19.402709 -4.188978 -162.405124 -19.402709 539.743710 77.577645 -19.890834 -4.188978 77.577645 25.937030 112.235381 24.929518 88.403824 9.937164 24.929518 14.875865 9.163549 1.952556 88.403824 9.163549 805.013715 103.433312 9.937164 1.952556 103.433312 30.364824 368.967002 52.896205 401.311633 43.433218 52.896205 20.198277 43.516337 8.291176 401.311633 43.516337 702.439134 88.717817 43.433218 8.291176 88.717817 26.980967 766.422062 94.940783 397.964538 42.433877 94.940783 28.148171 42.486515 8.048308 397.964538 42.486515 339.186020 49.124945 42.433877 8.048308 49.124945 19.423986 951.178782 116.272786 80.730147 8.319162 116.272786 32.239456 8.749247 1.650964 80.730147 8.749247 108.798180 24.574034 8.319162 1.650964 24.574034 14.786819
665.040487 88.632496 -213.568222 -25.149986 88.632496 27.718407 -24.733847 -5.039531 -213.568222 -24.733847 182.021535 33.379221 -25.149986 -5.039531 33.379221 16.572620 254.083972 43.092604 -193.576386 -24.418694 43.092604 18.920591 -24.465411 -5.444451 -193.576386 -24.465411 346.121203 54.733280 -24.418694 -5.444451 54.733280 21.543181 102.238195 23.919555 15.061456 2.036839 23.919555 14.667580 1.899368 0.504771 15.061456 1.899368 306.581163 52.810192 2.036839 0.504771 52.810192 21.785862 224.506507 41.987678 56.650866 8.257365 41.987678 19.230130 8.330316 2.121142 56.650866 8.330316 127.144052 27.566439 8.257365 2.121142 27.566439 15.610653 292.500289 49.621095 -113.301026 -15.309179 49.621095 20.779454 -15.338501 -3.684110 -113.301026 -15.338501 168.215005 32.877184 -15.309179 -3.684110 32.877184 16.839804 162.805747 31.363887 -163.654112 -19.922744 31.363887 16.254824 -19.998502 -4.249882 -163.654112 -19.998502 535.410515 76.375786 -19.922744 -4.249882 76.375786 25.759454 112.992535 25.153840 91.149387 10.372037 25.153840 14.913158 10.400273 2.098506 91.149387 10.400273 801.680665 102.747148 10.372037 2.098506 102.747148 30.282102 374.989518 54.009770 401.371120 43.112110 54.009770 20.364366 44.138087 8.321796 401.371120 44.138087 689.400643 86.741502 43.112110 8.321796 86.741502 26.717280 769.836692 95.559706 398.502565 42.534675 95.559706 28.221691 42.720309 8.080877 398.502565 42.720309 338.610616 49.104311 42.534675 8.080877 49.104311 19.436743 942.138250 114.937972 81.788483 8.954520 114.937972 32.077328 8.911503 1.725661 81.788483 8.911503 109.085019 24.662678 8.954520 1.725661 24.662678 14.802326
667.198469 88.889440 -216.998527 -25.459330 88.889440 27.789879 -25.036054 -5.058513 -216.998527 -25.036054 184.316929 33.576718 -25.459330 -5.058513 33.576718 16.577167 253.548894 42.938182 -195.033412 -24.736305 42.938182 18.892940 -24.572049 -5.473162 -195.033412 -24.572049 350.697296 55.524590 -24.736305 -5.473162 55.524590 21.661630 102.732809 24.039965 18.194176 2.646170 24.039965 14.693193 2.788145 0.662631 18.194176 2.788145 308.885390 52.991178 2.646170 0.662631 52.991178 21.785357 227.542064 42.313399 58.329696 8.559202 42.313399 19.302413 8.570639 2.173963 58.329696 8.570639 128.045957 27.747085 8.559202 2.173963 27.747085 15.643643 293.057633 49.868447 -110.542450 -14.732517 49.868447 20.867294 -14.967216 -3.590828 -110.542450 -14.967216 164.807362 32.242283 -14.732517 -3.590828 32.242283 16.701233 164.257114 31.585255 -164.731039 -19.978216 31.585255 16.280091 -20.256914 -4.272785 -164.731039 -20.256914 531.015359 75.677003 -19.978216 -4.272785 75.677003 25.709037 113.884555 25.306233 94.108901 10.701379 25.306233 14.930529 11.103586 2.156635 94.108901 11.103586 795.635506 101.959086 10.701379 2.156635 101.959086 30.207719 375.738724 53.737888 401.653126 43.313593 53.737888 20.295469 43.815894 8.306769 401.653126 43.815894 688.606359 87.152276 43.313593 8.306769 87.152276 26.818091 763.923314 94.528432 400.394323 43.356885 94.528432 28.045927 42.801475 8.153784 400.394323 42.801475 343.012081 50.019489 43.356885 8.153784 50.019489 19.588346 924.934792 112.954647 81.678690 9.073162 112.954647 31.867606 8.884364 1.727839 81.678690 8.884364 109.228905 24.690982 9.073162 1.727839 24.690982 14.804882
665.965013 88.773966 -215.715791 -24.865392 88.773966 27.796091 -24.786005 -4.992563 -215.715791 -24.786005 183.514721 33.271021 -24.865392 -4.992563 33.271021 16.525314 249.551543 42.279224 -193.106933 -24.473402 42.279224 18.783699 -24.134026 -5.411414 -193.106933 -24.134026 352.382706 55.725022 -24.473402 -5.411414 55.725022 21.686840 103.207971 24.115213 20.750374 2.989684 24.115213 14.704875 3.203351 0.716913 20.750374 3.203351 308.886879 52.821117 2.989684 0.716913 52.821117 21.752380 229.872905 42.582017 58.539218 8.476083 42.582017 19.376520 8.528671 2.158914 58.539218 8.528671 127.749743 27.633650 8.476083 2.158914 27.633650 15.614180 296.147846 50.385550 -111.028927 -14.948581 50.385550 20.961631 -15.129385 -3.623628 -111.028927 -15.129385 164.345587 32.290382 -14.948581 -3.623628 32.290382 16.707343 165.357176 31.707584 -165.201251 -19.999439 31.707584 16.299080 -20.325898 -4.288173 -165.201251 -20.325898 526.057908 75.106633 -19.999439 -4.288173 75.106633 25.665628 112.533659 25.020606 87.957114 9.847126 25.020606 14.879049 9.569668 1.950890 87.957114 9.569668 779.721507 100.186955 9.847126 1.950890 100.186955 30.020198 370.147000 52.611457 398.856245 43.279240 52.611457 20.135279 42.871430 8.239089 398.856245 42.871430 692.502598 88.156420 43.279240 8.239089 88.156420 26.966049 751.727905 92.839035 402.312230 44.112790 92.839035 27.805559 42.812857 8.211160 402.312230 42.812857 349.915999 51.134646 44.112790 8.211160 51.134646 19.753871 921.709609 113.053564 80.429682 8.706746 113.053564 31.928068 8.738469 1.682442 80.429682 8.738469 109.013795 24.639457 8.706746 1.682442 24.639457 14.795280
665.821520 88.816179 -214.340588 -24.526388 88.816179 27.814056 -24.627913 -4.974799 -214.340588 -24.627913 182.488426 33.075804 -24.526388 -4.974799 33.075804 16.509083 250.282744 42.553725 -194.869290 -24.715045 42.553725 18.831436 -24.514827 -5.461980 -194.869290 -24.514827 355.730472 56.072936 -24.715045 -5.461980 56.072936 21.736894 103.760012 24.195742 23.348451 3.323222 24.195742 14.720197 3.568639 0.783833 23.348451 3.568639 308.755485 52.742003 3.323222 0.783833 52.742003 21.751178 227.552622 42.033062 57.123116 8.198452 42.033062 19.299791 8.237349 2.116141 57.123116 8.237349 126.941675 27.488491 8.198452 2.116141 27.488491 15.591049 297.806082 50.512981 -112.562363 -15.315129 50.512981 20.974990 -15.343382 -3.661174 -112.562363 -15.343382 165.554490 32.580185 -15.315129 -3.661174 32.580185 16.745090 170.311231 32.618536 -168.291684 -20.343574 32.618536 16.473530 -21.332627 -4.433228 -168.291684 -21.332627 510.623851 72.910494 -20.343574 -4.433228 72.910494 25.340292 111.383734 24.861032 83.090105 9.335285 24.861032 14.858994 8.780301 1.868669 83.090105 8.780301 774.585603 100.048831 9.335285 1.868669 100.048831 30.043803 370.064092 52.930235 396.902560 42.966462 52.930235 20.229820 43.020695 8.251522 396.902560 43.020695 686.897735 87.214137 42.966462 8.251522 87.214137 26.794269 749.436276 93.237984 399.212402 43.020549 93.237984 27.899204 42.685481 8.115578 399.212402 42.685481 346.959418 50.229551 43.020549 8.115578 50.229551 19.596914 917.772713 112.909340 77.645282 8.152315 112.909340 31.919672 8.433958 1.620878 77.645282 8.433958 108.513110 24.558442 8.152315 1.620878 24.558442 14.783716
666.895322 88.921261 -215.633547 -24.879539 88.921261 27.826623 -24.823195 -5.034419 -215.633547 -24.823195 183.316422 33.269039 -24.879539 -5.034419 33.269039 16.552492 245.749723 41.689861 -194.605767 -24.764499 41.689861 18.653532 -24.179889 -5.422749 -194.605767 -24.179889 363.023630 57.233820 -24.764499 -5.422749 57.233820 21.951120 104.089625 24.223924 24.942974 3.495569 24.223924 14.726769 3.669886 0.820335 24.942974 3.669886 311.517842 53.212450 3.495569 0.820335 53.212450 21.842494 225.482317 41.699338 57.973237 8.506931 41.699338 19.267387 8.424075 2.178962 57.973237 8.424075 128.162912 27.787538 8.506931 2.178962 27.787538 15.656022 299.704707 50.746439 -113.321099 -15.362950 50.746439 21.020783 -15.401644 -3.653621 -113.321099 -15.401644 165.800688 32.564210 -15.362950 -3.653621 32.564210 16.721128 171.164774 32.541636 -166.996067 -20.177317 32.541636 16.459782 -20.869006 -4.393887 -166.996067 -20.869006 499.362231 71.892926 -20.177317 -4.393887 71.892926 25.224021 110.532180 24.779718 79.517065 9.014762 24.779718 14.848260 8.427697 1.823566 79.517065 8.427697 773.715783 100.304726 9.014762 1.823566 100.304726 30.082316 368.586167 52.900468 392.711023 42.469767 52.900468 20.237254 42.721638 8.209274 392.711023 42.721638 677.757784 86.108050 42.469767 8.209274 86.108050 26.654188 751.647958 93.947045 395.936300 42.183066 93.947045 27.986491 42.564363 8.058431 395.936300 42.564363 342.119908 49.377824 42.183066 8.058431 49.377824 19.494322 907.908146 111.913557 76.464240 8.215778 111.913557 31.787931 8.354679 1.631309 76.464240 8.354679 108.377416 24.566020 8.215778 1.631309 24.566020 14.786813
665.340300 88.687854 -215.842598 -24.945402 88.687854 27.797011 -24.838289 -5.043189 -215.842598 -24.838289 183.702615 33.334032 -24.945402 -5.043189 33.334032 16.563521 244.102097 41.608646 -194.511889 -24.660449 41.608646 18.639607 -24.247210 -5.418958 -194.511889 -24.247210 365.771126 57.341237 -24.660449 -5.418958 57.341237 21.964424 104.159882 24.210718 25.600250 3.549744 24.210718 14.727405 3.613744 0.837066 25.600250 3.613744 317.596631 54.151223 3.549744 0.837066 54.151223 21.998965 232.222955 43.089711 59.995346 8.768544 43.089711 19.541431 8.800500 2.228301 59.995346 8.800500 128.591205 27.785108 8.768544 2.228301 27.785108 15.642952 304.902130 51.619926 -112.211904 -14.918821 51.619926 21.186944 -15.227185 -3.587530 -112.211904 -15.227185 162.933917 31.948344 -14.918821 -3.587530 31.948344 16.596589 172.079566 32.576950 -167.443810 -20.366730 32.576950 16.488023 -20.805011 -4.431330 -167.443810 -20.805011 496.333144 72.013141 -20.366730 -4.431330 72.013141 25.228193 110.700790 24.871696 80.372980 9.224020 24.871696 14.860900 9.044769 1.882594 80.372980 9.044769 776.164555 100.756892 9.224020 1.882594 100.756892 30.119043 362.710084 51.905252 389.337435 42.426871 51.905252 20.075088 41.929594 8.146469 389.337435 41.929594 680.631028 87.052667 42.426871 8.146469 87.052667 26.824580 754.299632 94.376912 393.327183 41.795754 94.376912 28.021867 42.420564 8.030618 393.327183 42.420564 337.986546 48.902609 41.795754 8.030618 48.902609 19.449033 909.147148 112.390077 75.590363 8.123021 112.390077 31.847334 8.291755 1.612301 75.590363 8.291755 108.201893 24.547362 8.123021 1.612301 24.547362 14.782722
661.034054 88.006580 -219.116387 -25.762936 88.006580 27.692970 -25.207280 -5.144840 -219.116387 -25.207280 186.883718 33.898799 -25.762936 -5.144840 33.898799 16.659188 240.009739 40.971154 -193.333261 -24.511358 40.971154 18.506177 -23.954493 -5.376352 -193.333261 -23.954493 370.286586 57.959123 -24.511358 -5.376352 57.959123 22.101422 104.007501 24.170700 25.392721 3.494415 24.170700 14.723362 3.448333 0.830994 25.392721 3.448333 325.395769 55.213077 3.494415 0.830994 55.213077 22.167922 233.634676 43.055789 61.962213 9.110244 43.055789 19.495777 9.047879 2.281621 61.962213 9.047879 130.109018 28.065067 9.110244 2.281621 28.065067 15.702114 305.942018 51.452505 -114.785025 -15.604525 51.452505 21.137599 -15.573410 -3.689004 -114.785025 -15.573410 165.467872 32.571830 -15.604525 -3.689004 32.571830 16.723445 175.575436 33.153002 -171.165086 -20.938832 33.153002 16.610334 -21.532213 -4.558691 -171.165086 -21.532213 494.720958 71.941042 -20.938832 -4.558691 71.941042 25.153813 110.366829 24.812678 79.585470 9.114521 24.812678 14.843949 8.814593 1.820667 79.585470 8.814593 786.957294 102.168547 9.114521 1.820667 102.168547 30.277795 356.634006 51.082399 387.217091 42.445804 51.082399 19.954445 41.456686 8.107491 387.217091 41.456686 687.969591 88.250160 42.445804 8.107491 88.250160 26.987781 745.069566 92.747131 393.968758 42.758687 92.747131 27.761034 42.293634 8.107557 393.968758 42.293634 342.169425 50.011019 42.758687 8.107557 50.011019 19.638296 904.745831 111.932958 76.350667 8.468890 111.932958 31.765979 8.408534 1.645647 76.350667 8.408534 108.384510 24.595015 8.468890 1.645647 24.595015 14.789675
649.536298 86.543599 -219.418322 -25.882848 86.543599 27.497009 -25.165251 -5.158824 -219.418322 -25.165251 188.922664 34.165328 -25.882848 -5.158824 34.165328 16.702632 241.445997 41.554810 -192.164317 -24.143289 41.554810 18.610761 -24.198554 -5.378457 -192.164317 -24.198554 364.322790 56.671958 -24.143289 -5.378457 56.671958 21.902196 103.824239 24.141918 24.871282 3.414026 24.141918 14.720538 3.324625 0.822273 24.871282 3.324625 330.835909 55.748007 3.414026 0.822273 55.748007 22.253653 236.196630 43.368589 63.903167 9.352386 43.368589 19.557575 9.288888 2.325580 63.903167 9.288888 131.365648 28.223409 9.352386 2.325580 28.223409 15.729870 313.588833 52.743784 -114.811911 -15.261656 52.743784 21.393026 -15.562410 -3.634188 -114.811911 -15.562410 163.188739 31.989555 -15.261656 -3.634188 31.989555 16.586737 176.589072 33.186612 -171.440879 -20.957259 33.186612 16.623115 -21.386051 -4.550523 -171.440879 -21.386051 490.668235 71.481034 -20.957259 -4.550523 71.481034 25.040992 111.155583 24.973177 83.152499 9.552041 24.973177 14.868063 9.753975 1.921592 83.152499 9.753975 790.947731 102.334859 9.552041 1.921592 102.334859 30.251838 354.204090 51.063843 386.162959 42.305578 51.063843 19.954480 41.606574 8.103140 386.162959 41.606574 690.375823 88.319816 42.305578 8.103140 88.319816 26.973300 746.345388 93.365431 391.474542 42.002587 93.365431 27.892151 42.193783 8.024759 391.474542 42.193783 338.654215 49.258593 42.002587 8.024759 49.258593 19.488028 905.817899 112.211022 74.943574 8.078246 112.211022 31.789298 8.225361 1.587670 74.943574 8.225361 108.110336 24.538607 8.078246 1.587670 24.538607 14.778572
641.052542 85.688174 -221.214073 -26.218084 85.688174 27.384106 -25.392554 -5.220559 -221.214073 -25.392554 191.768538 34.542423 -26.218084 -5.220559 34.542423 16.772571 238.353663 40.960147 -189.944325 -23.931218 40.960147 18.475465 -23.762688 -5.323144 -189.944325 -23.762688 364.062372 56.903294 -23.931218 -5.323144 56.903294 22.004447 103.641829 24.119643 23.966705 3.278826 24.119643 14.716975 3.193509 0.801914 23.966705 3.193509 329.866756 55.268022 3.278826 0.801914 55.268022 22.192779 240.446854 43.993412 65.986191 9.591776 43.993412 19.678444 9.564486 2.377729 65.986191 9.564486 132.384394 28.327414 9.591776 2.377729 28.327414 15.752042 313.807866 52.511705 -112.127977 -14.767475 52.511705 21.356625 -15.083934 -3.555080 -112.127977 -15.083934 160.253036 31.540842 -14.767475 -3.555080 31.540842 16.513507 175.293115 32.830566 -170.305012 -20.861935 32.830566 16.572139 -20.871399 -4.504580 -170.305012 -20.871399 492.235738 71.939023 -20.861935 -4.504580 71.939023 25.089525 111.614849 25.022516 85.001665 9.692092 25.022516 14.871493 9.970374 1.930821 85.001665 9.970374 790.300665 101.984835 9.692092 1.930821 101.984835 30.190043 347.392231 49.988020 385.168828 42.403009 49.988020 19.750719 41.029656 8.034671 385.168828 41.029656 703.580592 90.190459 42.403009 8.034671 90.190459 27.259477 736.085407 92.108924 385.696865 41.482809 92.108924 27.722827 41.508647 7.955925 385.696865 41.508647 335.418462 48.989824 41.482809 7.955925 48.989824 19.466730 905.153095 112.196250 69.061921 6.810723 112.196250 31.774196 7.519161 1.429664 69.061921 7.519161 107.064819 24.365692 6.810723 1.429664 24.365692 14.751863
632.935405 85.002030 -220.286321 -25.897440 85.002030 27.288566 -25.316599 -5.207771 -220.286321 -25.316599 192.380992 34.499524 -25.897440 -5.207771 34.499524 16.777013 237.611251 40.938409 -189.553168 -23.940601 40.938409 18.472949 -23.815998 -5.331952 -189.553168 -23.815998 364.396921 57.030929 -23.940601 -5.331952 57.030929 22.033185 103.429459 24.091015 22.716697 3.098987 24.091015 14.710838 3.012677 0.768344 22.716697 3.012677 325.629283 54.522387 3.098987 0.768344 54.522387 22.115429 241.278457 43.922510 66.828149 9.642698 43.922510 19.668126 9.605884 2.396376 66.828149 9.605884 132.997046 28.387485 9.642698 2.396376 28.387485 15.771989 310.907934 51.875641 -111.374191 -14.908100 51.875641 21.276000 -14.970278 -3.572892 -111.374191 -14.970278 160.263653 31.733631 -14.908100 -3.572892 31.733631 16.553647 174.940582 32.830028 -169.381465 -20.768223 32.830028 16.593023 -20.794661 -4.508634 -169.381465 -20.794661 489.838435 71.545741 -20.768223 -4.508634 71.545741 24.996026 110.923919 24.863637 81.954503 9.233868 24.863637 14.844455 9.061177 1.816789 81.954503 9.061177 787.009548 101.507309 9.233868 1.816789 101.507309 30.141346 345.929971 50.168920 384.719403 42.160731 50.168920 19.771335 41.385077 8.035344 384.719403 41.385077 705.755382 89.932771 42.160731 8.035344 89.932771 27.202744 737.199307 92.711486 381.948069 40.820794 92.711486 27.835289 41.335219 7.895990 381.948069 41.335219 330.485132 48.267724 40.820794 7.895990 48.267724 19.354228 896.389554 111.104878 66.087982 6.722019 111.104878 31.625518 7.253203 1.417476 66.087982 7.253203 106.622999 24.345581 6.722019 1.417476 24.345581 14.750843
634.826985 85.637719 -221.729912 -25.933354 85.637719 27.358012 -25.621621 -5.248305 -221.729912 -25.621621 193.253167 34.531856 -25.933354 -5.248305 34.531856 16.797093 239.488544 41.258972 -192.887358 -24.471715 41.258972 18.512173 -24.356981 -5.406322 -192.887358 -24.356981 370.038673 57.902586 -24.471715 -5.406322 57.902586 22.164130 103.439047 24.106697 22.599566 3.123673 24.106697 14.712931 3.105106 0.778706 22.599566 3.105106 322.388795 54.155848 3.123673 0.778706 54.155848 22.097148 244.449766 44.426422 67.346447 9.614880 44.426422 19.784375 9.658256 2.408797 67.346447 9.658256 132.778213 28.286433 9.614880 2.408797 28.286433 15.757724 310.668169 52.015750 -108.800654 -14.421203 52.015750 21.352286 -14.628763 -3.492839 -108.800654 -14.628763 157.630080 31.261609 -14.421203 -3.492839 31.261609 16.448256 174.937331 32.858306 -169.356942 -20.810684 32.858306 16.601642 -20.828452 -4.517723 -169.356942 -20.828452 489.737089 71.570858 -20.810684 -4.517723 71.570858 24.992043 110.180487 24.757428 78.402512 8.823281 24.757428 14.831979 8.464505 1.756767 78.402512 8.464505 780.392759 100.720581 8.823281 1.756767 100.720581 30.059973 348.255808 50.868110 384.216857 41.804108 50.868110 19.858418 41.938140 8.047070 384.216857 41.938140 698.504790 88.527670 41.804108 8.047070 88.527670 27.021255 741.490406 93.276004 383.294711 41.246265 93.276004 27.890753 41.595886 7.940653 383.294711 41.595886 330.556080 48.477150 41.246265 7.940653 48.477150 19.387687 876.574186 108.786381 68.793018 7.923269 108.786381 31.341542 7.656268 1.545441 68.793018 7.656268 107.235869 24.500651 7.923269 1.545441 24.500651 14.774591
